0 0.619141 0.409668 0.021484 0.819336
0 0.599609 0.378906 0.021484 0.757812
0 0.586426 0.362305 0.022461 0.724609
4 0.561523 0.360840 0.023438 0.721680
0 0.366699 0.349609 0.036133 0.699219
0 0.337891 0.365723 0.039062 0.731445
4 0.325195 0.373047 0.037109 0.746094
0 0.294434 0.390137 0.043945 0.780273
0 0.305176 0.778320 0.002930 0.033203
0 0.317383 0.779297 0.001953 0.025391
0 0.271973 0.797852 0.002930 0.011719
0 0.300781 0.864258 0.001953 0.013672
0 0.268555 0.916504 0.005859 0.165039
4 0.297852 0.943848 0.003906 0.110352
0 0.312500 0.945801 0.003906 0.106445
0 0.341797 0.951172 0.003906 0.095703
4 0.541992 0.956543 0.003906 0.084961
0 0.544434 0.896973 0.000977 0.006836
0 0.568359 0.940430 0.005859 0.117188
0 0.583008 0.937012 0.005859 0.124023
0 0.604980 0.934082 0.006836 0.129883
1 0.434570 0.733887 0.380859 0.395508
0 0.348633 0.730957 0.001953 0.012695
0 0.318359 0.743164 0.001953 0.005859
0 0.575195 0.760254 0.001953 0.022461
0 0.587402 0.815430 0.002930 0.037109
0 0.573242 0.813965 0.001953 0.026367
