0 0.258301 0.499512 0.059570 0.999023
0 0.278809 0.499512 0.053711 0.999023
0 0.307129 0.471191 0.051758 0.942383
0 0.340820 0.439453 0.046875 0.878906
4 0.517090 0.330078 0.024414 0.660156
0 0.559082 0.450195 0.028320 0.900391
0 0.566895 0.484375 0.030273 0.968750
0 0.579102 0.499512 0.029297 0.999023
0 0.318359 0.889160 0.001953 0.010742
0 0.316895 0.937012 0.002930 0.047852
0 0.542969 0.968262 0.003906 0.061523
1 0.405762 0.821289 0.291992 0.355469
0 0.281250 0.960938 0.001953 0.019531
0 0.553223 0.983887 0.006836 0.030273
0 0.551758 0.992188 0.001953 0.013672
