0 0.327637 0.335938 0.090820 0.671875
0 0.349121 0.327148 0.088867 0.654297
0 0.364746 0.317871 0.086914 0.635742
4 0.354980 0.321777 0.088867 0.643555
0 0.519043 0.282715 0.079102 0.565430
0 0.542480 0.282227 0.079102 0.564453
0 0.552734 0.284180 0.080078 0.568359
0 0.566406 0.287109 0.082031 0.574219
0 0.396484 0.845703 0.044922 0.306641
0 0.419434 0.845215 0.043945 0.307617
0 0.437012 0.845703 0.043945 0.306641
0 0.425781 0.845215 0.042969 0.307617
0 0.637207 0.792969 0.057617 0.412109
0 0.624023 0.798340 0.056641 0.401367
0 0.614746 0.802246 0.055664 0.393555
0 0.592773 0.811523 0.052734 0.375000
1 0.486816 0.599121 0.260742 0.194336
