0 0.342773 0.475098 0.144531 0.950195
0 0.359863 0.435547 0.133789 0.871094
0 0.373535 0.413086 0.125977 0.826172
0 0.528809 0.379395 0.120117 0.758789
0 0.552734 0.375488 0.121094 0.750977
0 0.564453 0.388672 0.125000 0.777344
0 0.581055 0.410645 0.132812 0.821289
4 0.366211 0.440918 0.136719 0.881836
0 0.663574 0.925293 0.024414 0.147461
0 0.650391 0.932129 0.021484 0.133789
0 0.641602 0.937012 0.021484 0.124023
0 0.611328 0.902344 0.001953 0.005859
0 0.620117 0.957520 0.013672 0.083008
0 0.448730 0.978516 0.002930 0.009766
0 0.463379 0.995117 0.002930 0.007812
0 0.451660 0.996582 0.000977 0.004883
0 0.443848 0.986328 0.004883 0.025391
0 0.419922 0.984863 0.005859 0.028320
1 0.528809 0.817383 0.262695 0.355469
0 0.432617 0.916992 0.005859 0.027344
0 0.438477 0.914551 0.003906 0.022461
0 0.449707 0.910645 0.002930 0.010742
0 0.441895 0.863281 0.004883 0.017578
0 0.437500 0.836914 0.001953 0.007812
0 0.616699 0.778809 0.004883 0.026367
0 0.593750 0.791504 0.001953 0.006836
0 0.633301 0.820801 0.006836 0.036133
0 0.624023 0.825195 0.005859 0.029297
