0 0.306152 0.308105 0.036133 0.616211
4 0.339844 0.299805 0.029297 0.597656
0 0.347656 0.298340 0.031250 0.596680
0 0.375977 0.292969 0.029297 0.585938
0 0.596191 0.306641 0.018555 0.613281
0 0.611328 0.312988 0.017578 0.625977
0 0.633789 0.326660 0.017578 0.653320
4 0.579102 0.302246 0.021484 0.602539
4 0.561523 0.849121 0.011719 0.299805
0 0.579590 0.845215 0.012695 0.307617
0 0.594727 0.842773 0.013672 0.310547
0 0.619141 0.839844 0.013672 0.316406
0 0.353027 0.843750 0.010742 0.310547
0 0.325684 0.834961 0.010742 0.328125
4 0.316406 0.833008 0.011719 0.332031
0 0.283691 0.822754 0.010742 0.352539
1 0.454102 0.598633 0.380859 0.259766
