0 0.387207 0.210938 0.020508 0.421875
0 0.360840 0.215332 0.022461 0.430664
4 0.357910 0.215820 0.020508 0.431641
0 0.320801 0.220215 0.024414 0.440430
0 0.650879 0.239258 0.012695 0.478516
0 0.625000 0.233398 0.013672 0.466797
0 0.607910 0.229004 0.014648 0.458008
4 0.599609 0.226562 0.015625 0.453125
4 0.337402 0.742188 0.018555 0.513672
0 0.339844 0.742676 0.017578 0.512695
0 0.365723 0.749023 0.016602 0.500000
0 0.300781 0.732910 0.015625 0.532227
0 0.590332 0.756836 0.018555 0.484375
0 0.607910 0.754395 0.020508 0.489258
4 0.582031 0.757812 0.017578 0.482422
0 0.634766 0.751465 0.021484 0.495117
1 0.475098 0.504883 0.381836 0.208984
