0 0.337402 0.593750 0.086914 0.810547
0 0.307129 0.045898 0.010742 0.091797
0 0.472168 0.021484 0.004883 0.042969
0 0.530273 0.615723 0.076172 0.766602
0 0.284180 0.071777 0.013672 0.143555
0 0.365723 0.621094 0.081055 0.755859
0 0.386230 0.638184 0.077148 0.721680
4 0.378906 0.762207 0.046875 0.473633
0 0.506348 0.036133 0.008789 0.072266
0 0.513672 0.037598 0.007812 0.075195
0 0.523926 0.038086 0.008789 0.076172
0 0.574219 0.555664 0.087891 0.886719
0 0.567383 0.586914 0.082031 0.824219
0 0.562500 0.608887 0.078125 0.780273
1 0.404297 0.222656 0.263672 0.361328
0 0.326660 0.041016 0.008789 0.082031
0 0.320312 0.188965 0.003906 0.038086
0 0.339355 0.179199 0.002930 0.018555
0 0.345215 0.240234 0.002930 0.027344
0 0.312988 0.110840 0.002930 0.018555
0 0.522461 0.122070 0.005859 0.050781
0 0.515137 0.124023 0.004883 0.044922
0 0.482422 0.130859 0.001953 0.013672
0 0.520508 0.182617 0.003906 0.035156
0 0.488770 0.190430 0.000977 0.005859
