0 0.617676 0.559570 0.036133 0.878906
0 0.637207 0.028320 0.002930 0.056641
0 0.615234 0.020020 0.001953 0.040039
0 0.600586 0.015137 0.001953 0.030273
0 0.577148 0.006836 0.001953 0.013672
0 0.612305 0.120117 0.003906 0.070312
0 0.597168 0.118164 0.002930 0.056641
0 0.595215 0.198242 0.002930 0.042969
0 0.593750 0.237793 0.001953 0.010742
0 0.611328 0.179688 0.001953 0.013672
0 0.635254 0.093750 0.002930 0.029297
0 0.595703 0.598145 0.033203 0.801758
0 0.595703 0.597168 0.033203 0.801758
0 0.579590 0.625977 0.028320 0.746094
0 0.368652 0.175781 0.002930 0.033203
0 0.355957 0.608398 0.022461 0.781250
0 0.328125 0.578125 0.023438 0.841797
0 0.341797 0.096680 0.003906 0.052734
0 0.286621 0.535156 0.024414 0.927734
0 0.298828 0.056152 0.001953 0.014648
0 0.301270 0.008301 0.002930 0.016602
1 0.463379 0.225098 0.381836 0.450195
