2 0.192871 0.192871 0.041992 0.368164
2 0.630371 0.326660 0.045898 0.653320
1 0.490723 0.322754 0.055664 0.325195
3 0.387695 0.302734 0.066406 0.273438
0 0.200195 0.116699 0.011719 0.006836
0 0.095215 0.144531 0.190430 0.046875
0 0.087891 0.137695 0.175781 0.056641
0 0.094238 0.121094 0.188477 0.058594
0 0.086914 0.112793 0.173828 0.067383
0 0.093262 0.097656 0.186523 0.070312
0 0.085938 0.088379 0.171875 0.079102
0 0.403320 0.126465 0.453125 0.034180
0 0.418457 0.046875 0.430664 0.023438
0 0.397461 0.038086 0.449219 0.029297
0 0.196777 0.058105 0.012695 0.008789
0 0.403320 0.088379 0.457031 0.018555
0 0.198730 0.087891 0.012695 0.007812
0 0.179199 0.427246 0.358398 0.420898
0 0.194824 0.500488 0.389648 0.567383
0 0.216309 0.608398 0.407227 0.781250
