1 0.605469 0.491211 0.263672 0.666016
0 0.365723 0.499512 0.155273 0.999023
0 0.370605 0.499512 0.157227 0.999023
0 0.706543 0.097656 0.010742 0.195312
0 0.721680 0.119629 0.007812 0.239258
0 0.729980 0.123535 0.010742 0.247070
0 0.577148 0.079590 0.017578 0.159180
0 0.514648 0.147461 0.039062 0.294922
0 0.448242 0.684570 0.076172 0.628906
0 0.524414 0.588379 0.085938 0.821289
0 0.675293 0.607422 0.049805 0.783203
0 0.716797 0.286621 0.001953 0.024414
0 0.721680 0.335938 0.001953 0.041016
0 0.695801 0.660645 0.040039 0.676758
0 0.719727 0.393066 0.001953 0.020508
0 0.702148 0.715820 0.033203 0.566406
