3 0.320312 0.151367 0.078125 0.302734
1 0.462402 0.173340 0.067383 0.346680
3 0.577148 0.354004 0.007812 0.125977
2 0.677734 0.262695 0.044922 0.525391
2 0.082520 0.140137 0.051758 0.280273
0 0.253906 0.509766 0.083984 0.978516
0 0.275391 0.509766 0.042969 0.978516
0 0.321777 0.005859 0.000977 0.011719
0 0.347656 0.508789 0.052734 0.980469
0 0.441406 0.507324 0.189453 0.983398
0 0.413086 0.507812 0.142578 0.982422
0 0.739746 0.509277 0.518555 0.926758
0 0.694336 0.531738 0.462891 0.934570
0 0.800293 0.762207 0.235352 0.473633
0 0.735840 0.665039 0.313477 0.667969
0 0.610840 0.374512 0.063477 0.135742
