2 0.854980 0.763672 0.057617 0.470703
1 0.485352 0.884277 0.074219 0.229492
3 0.319336 0.882812 0.101562 0.232422
2 0.039551 0.765625 0.053711 0.466797
0 0.350098 0.837891 0.674805 0.322266
0 0.454590 0.826660 0.778320 0.307617
0 0.885254 0.995117 0.010742 0.007812
0 0.894043 0.992188 0.020508 0.013672
0 0.420898 0.767578 0.812500 0.265625
0 0.455078 0.741699 0.779297 0.219727
0 0.455566 0.655273 0.782227 0.128906
0 0.420898 0.667969 0.816406 0.154297
0 0.914551 0.950684 0.157227 0.096680
0 0.939453 0.893066 0.119141 0.069336
0 0.940918 0.885742 0.116211 0.066406
0 0.916992 0.783691 0.164062 0.077148
0 0.938965 0.750488 0.120117 0.053711
0 0.941895 0.747070 0.114258 0.052734
2 0.855469 0.763672 0.050781 0.470703
