2 0.193848 0.499512 0.338867 0.999023
0 0.056152 0.301270 0.112305 0.145508
0 0.019531 0.309082 0.039062 0.053711
0 0.013184 0.279297 0.026367 0.035156
0 0.009766 0.011230 0.019531 0.022461
0 0.039551 0.474121 0.079102 0.112305
0 0.045410 0.503418 0.090820 0.127930
0 0.061523 0.631348 0.123047 0.182617
0 0.069824 0.655273 0.125977 0.189453
0 0.103516 0.704102 0.207031 0.314453
0 0.147949 0.844727 0.192383 0.308594
0 0.215332 0.901855 0.116211 0.194336
0 0.597168 0.333008 0.467773 0.666016
0 0.552246 0.271484 0.413086 0.542969
0 0.487793 0.193848 0.327148 0.387695
0 0.436523 0.202637 0.355469 0.405273
0 0.422363 0.193359 0.344727 0.386719
0 0.356445 0.149902 0.291016 0.299805
0 0.339844 0.139160 0.275391 0.278320
0 0.256348 0.072266 0.159180 0.144531
0 0.241211 0.052734 0.119141 0.105469
