2 0.475586 0.527344 0.201172 0.267578
2 0.473145 0.889648 0.288086 0.218750
0 0.788574 0.772949 0.420898 0.204102
0 0.798828 0.788086 0.400391 0.195312
0 0.801758 0.809082 0.394531 0.194336
0 0.808105 0.832031 0.381836 0.191406
0 0.764648 0.880371 0.468750 0.237305
0 0.197266 0.912109 0.394531 0.173828
0 0.182129 0.821289 0.364258 0.152344
0 0.180664 0.800293 0.361328 0.147461
0 0.165527 0.866211 0.331055 0.142578
0 0.174805 0.842773 0.349609 0.152344
0 0.198730 0.496094 0.397461 0.123047
0 0.242676 0.453613 0.393555 0.110352
0 0.187012 0.462402 0.374023 0.114258
0 0.193359 0.480957 0.386719 0.118164
0 0.782715 0.459961 0.432617 0.175781
0 0.784180 0.443848 0.429688 0.172852
0 0.787598 0.423340 0.422852 0.168945
0 0.748047 0.408203 0.501953 0.193359
