2 0.147461 0.614746 0.294922 0.768555
2 0.394043 0.463867 0.252930 0.927734
0 0.208008 0.860840 0.068359 0.276367
0 0.045410 0.485352 0.090820 0.130859
0 0.028809 0.408203 0.057617 0.082031
0 0.009277 0.317383 0.018555 0.025391
0 0.014160 0.223145 0.028320 0.040039
0 0.198730 0.125000 0.213867 0.250000
0 0.202637 0.096680 0.168945 0.193359
0 0.241699 0.078125 0.141602 0.156250
0 0.246582 0.050781 0.090820 0.101562
0 0.278320 0.006348 0.011719 0.012695
0 0.557129 0.764160 0.135742 0.469727
0 0.546387 0.812988 0.106445 0.372070
0 0.568359 0.826172 0.099609 0.345703
0 0.583008 0.778320 0.128906 0.439453
0 0.570312 0.706055 0.171875 0.585938
0 0.599121 0.721191 0.165039 0.555664
0 0.570312 0.499512 0.298828 0.999023
0 0.226562 0.910645 0.044922 0.176758
0 0.242676 0.951172 0.024414 0.093750
0 0.150879 0.668457 0.163086 0.661133
