2 0.272461 0.729980 0.234375 0.463867
0 0.363770 0.875000 0.120117 0.248047
0 0.372070 0.898926 0.095703 0.200195
0 0.379883 0.918945 0.076172 0.160156
0 0.255371 0.751465 0.014648 0.090820
0 0.244629 0.824219 0.004883 0.021484
0 0.230469 0.918457 0.025391 0.161133
0 0.220703 0.914551 0.027344 0.168945
0 0.232910 0.759766 0.004883 0.031250
0 0.247070 0.746094 0.009766 0.058594
0 0.240234 0.711426 0.007812 0.040039
0 0.245605 0.678711 0.002930 0.019531
0 0.239746 0.791992 0.004883 0.025391
0 0.228516 0.787598 0.003906 0.018555
0 0.225586 0.805664 0.001953 0.011719
0 0.237305 0.811035 0.001953 0.006836
0 0.209473 0.906738 0.030273 0.184570
0 0.195801 0.895508 0.034180 0.207031
0 0.286621 0.536621 0.032227 0.215820
0 0.280273 0.526855 0.031250 0.206055
0 0.270996 0.514160 0.030273 0.190430
0 0.290527 0.385742 0.004883 0.027344
0 0.299805 0.396484 0.003906 0.019531
0 0.306641 0.399902 0.003906 0.020508
0 0.287109 0.409180 0.003906 0.013672
0 0.296875 0.415039 0.001953 0.013672
0 0.303711 0.421387 0.001953 0.008789
1 0.380859 0.492676 0.207031 0.588867
3 0.355957 0.140137 0.032227 0.137695
0 0.361816 0.041016 0.020508 0.082031
4 0.333496 0.115723 0.053711 0.231445
4 0.333008 0.176270 0.033203 0.155273
0 0.346680 0.159668 0.017578 0.079102
0 0.344727 0.206543 0.039062 0.182617
4 0.372559 0.042480 0.020508 0.084961
0 0.379395 0.043945 0.020508 0.087891
0 0.175293 0.132812 0.350586 0.175781
0 0.328613 0.252441 0.016602 0.077148
0 0.150391 0.270020 0.300781 0.168945
0 0.150391 0.286133 0.300781 0.171875
0 0.155273 0.323242 0.310547 0.181641
0 0.158691 0.342285 0.317383 0.188477
0 0.146973 0.224609 0.293945 0.160156
0 0.143555 0.203613 0.287109 0.153320
0 0.585938 0.630859 0.396484 0.736328
0 0.609863 0.747070 0.268555 0.503906
0 0.589844 0.742676 0.271484 0.512695
0 0.596191 0.779297 0.231445 0.439453
0 0.577637 0.775391 0.233398 0.447266
0 0.583984 0.806641 0.201172 0.384766
0 0.088867 0.446289 0.177734 0.125000
0 0.079590 0.501953 0.159180 0.113281
0 0.093750 0.549316 0.187500 0.135742
0 0.108398 0.589844 0.216797 0.160156
0 0.567871 0.801270 0.204102 0.395508
0 0.393066 0.922363 0.075195 0.153320
