0 0.500000 0.614258 1.000000 0.201172
0 0.500000 0.746094 1.000000 0.341797
0 0.499023 0.811523 0.998047 0.363281
0 0.613281 0.852539 0.771484 0.292969
0 0.864746 0.941406 0.268555 0.115234
0 0.704590 0.654297 0.588867 0.191406
0 0.723145 0.757324 0.551758 0.176758
0 0.738281 0.901367 0.521484 0.113281
0 0.702637 0.225098 0.590820 0.450195
0 0.798828 0.143555 0.400391 0.287109
0 0.913574 0.050781 0.170898 0.101562
0 0.880859 0.072266 0.236328 0.144531
3 0.398926 0.762695 0.071289 0.472656
0 0.305176 0.499512 0.172852 0.999023
0 0.310059 0.499512 0.172852 0.999023
4 0.448242 0.842285 0.054688 0.014648
