0 0.499512 0.667969 0.999023 0.324219
0 0.499512 0.687012 0.999023 0.458008
0 0.456543 0.767578 0.913086 0.433594
0 0.577148 0.786133 0.843750 0.425781
0 0.761719 0.867188 0.474609 0.263672
0 0.535645 0.315430 0.926758 0.630859
0 0.716797 0.161133 0.564453 0.322266
0 0.750000 0.137695 0.498047 0.275391
0 0.557617 0.690918 0.882812 0.151367
0 0.584961 0.801270 0.828125 0.137695
0 0.594238 0.930176 0.809570 0.063477
0 0.049316 0.762695 0.098633 0.472656
0 0.754883 0.133789 0.488281 0.267578
3 0.099609 0.792480 0.062500 0.413086
4 0.634766 0.243164 0.726562 0.484375
