0 0.499512 0.697266 0.999023 0.525391
0 0.499023 0.532715 0.998047 0.659180
0 0.499512 0.573730 0.999023 0.686523
0 0.504883 0.647949 0.986328 0.702148
0 0.628418 0.716797 0.739258 0.564453
0 0.938477 0.965820 0.121094 0.066406
0 0.533203 0.621582 0.929688 0.459961
0 0.497559 0.319336 0.983398 0.478516
0 0.547852 0.291016 0.902344 0.417969
0 0.500000 0.842285 0.998047 0.180664
0 0.484863 0.749023 0.969727 0.175781
0 0.604980 0.732422 0.694336 0.533203
0 0.688965 0.930664 0.448242 0.136719
0 0.866211 0.895508 0.263672 0.207031
0 0.544434 0.298340 0.901367 0.424805
