3 0.175781 0.607422 0.140625 0.783203
0 0.433594 0.921875 0.517578 0.154297
0 0.600586 0.798828 0.796875 0.242188
0 0.626465 0.766602 0.745117 0.222656
0 0.624023 0.734375 0.750000 0.228516
0 0.054199 0.763672 0.108398 0.089844
0 0.382324 0.377441 0.764648 0.754883
0 0.047363 0.591797 0.094727 0.027344
0 0.070312 0.579102 0.140625 0.035156
0 0.057129 0.644531 0.114258 0.031250
0 0.475098 0.213867 0.600586 0.427734
0 0.419922 0.102051 0.500000 0.204102
0 0.430176 0.126953 0.514648 0.253906
0 0.466309 0.130371 0.520508 0.260742
0 0.077148 0.297363 0.154297 0.163086
0 0.062012 0.337402 0.124023 0.131836
0 0.092285 0.380371 0.184570 0.208008
0 0.057617 0.876953 0.115234 0.089844
0 0.052246 0.941895 0.094727 0.114258
0 0.058105 0.813965 0.116211 0.034180
0 0.252441 0.969727 0.124023 0.058594
0 0.082031 0.924805 0.158203 0.031250
