0 0.499023 0.474609 0.998047 0.292969
0 0.197266 0.508789 0.392578 0.119141
0 0.218750 0.545898 0.431641 0.164062
0 0.264648 0.608398 0.529297 0.238281
0 0.269531 0.619629 0.539062 0.247070
0 0.558105 0.386719 0.307617 0.113281
0 0.629395 0.426270 0.165039 0.110352
0 0.570312 0.392578 0.283203 0.105469
0 0.803223 0.336426 0.108398 0.041992
0 0.783203 0.222656 0.298828 0.017578
0 0.200684 0.514160 0.401367 0.122070
3 0.729980 0.401855 0.036133 0.165039
3 0.872070 0.292969 0.021484 0.072266
3 0.917969 0.327148 0.023438 0.107422
