0 0.499512 0.651855 0.999023 0.274414
0 0.499512 0.710449 0.999023 0.416992
0 0.499023 0.769043 0.998047 0.440430
0 0.591797 0.811035 0.814453 0.375977
0 0.793457 0.894531 0.411133 0.208984
0 0.592773 0.285156 0.804688 0.570312
0 0.775879 0.131836 0.446289 0.261719
0 0.642578 0.791992 0.712891 0.154297
0 0.608887 0.678711 0.774414 0.173828
3 0.207520 0.780273 0.077148 0.437500
0 0.808594 0.108887 0.378906 0.215820
0 0.624023 0.915527 0.748047 0.096680
0 0.689941 0.208008 0.612305 0.416016
4 0.108887 0.499023 0.192383 0.998047
