4 0.767578 0.705078 0.003906 0.583984
4 0.790527 0.700195 0.010742 0.597656
4 0.801270 0.701660 0.020508 0.594727
0 0.539062 0.499512 0.890625 0.999023
0 0.555176 0.489258 0.887695 0.978516
0 0.574707 0.441895 0.848633 0.883789
0 0.861328 0.080566 0.275391 0.161133
0 0.845215 0.092285 0.307617 0.184570
0 0.817383 0.114258 0.363281 0.228516
1 0.036621 0.156250 0.073242 0.312500
3 0.316895 0.247070 0.026367 0.287109
0 0.211914 0.067871 0.181641 0.125977
0 0.222656 0.056152 0.167969 0.110352
0 0.228516 0.053223 0.152344 0.096680
4 0.551758 0.255371 0.468750 0.233398
4 0.559570 0.242676 0.464844 0.231445
4 0.560547 0.228516 0.468750 0.226562
4 0.364258 0.246582 0.085938 0.051758
4 0.601074 0.355469 0.368164 0.166016
3 0.789062 0.562500 0.056641 0.439453
0 0.895508 0.533203 0.205078 0.183594
0 0.898926 0.466309 0.200195 0.168945
0 0.903809 0.439941 0.190430 0.149414
0 0.900391 0.418945 0.197266 0.150391
4 0.828613 0.707031 0.026367 0.582031
