4 0.886719 0.701660 0.019531 0.594727
4 0.921387 0.701172 0.026367 0.595703
4 0.540039 0.166504 0.656250 0.333008
4 0.188965 0.066406 0.141602 0.130859
3 0.872559 0.576660 0.073242 0.565430
3 0.266113 0.179688 0.036133 0.359375
0 0.553223 0.499512 0.891602 0.999023
0 0.565918 0.476074 0.866211 0.952148
4 0.873535 0.689941 0.010742 0.616211
0 0.595215 0.419434 0.807617 0.838867
0 0.942871 0.394531 0.112305 0.099609
0 0.950684 0.366699 0.096680 0.081055
0 0.944824 0.340820 0.108398 0.083984
0 0.844727 0.697754 0.003906 0.602539
4 0.563965 0.277344 0.600586 0.281250
4 0.576172 0.163574 0.599609 0.305664
4 0.576660 0.146484 0.604492 0.292969
0 0.950684 0.029785 0.092773 0.059570
0 0.938477 0.478027 0.119141 0.110352
