1 0.778809 0.427734 0.325195 0.855469
1 0.286621 0.522949 0.176758 0.868164
1 0.619141 0.479004 0.185547 0.356445
1 0.394531 0.414551 0.070312 0.444336
0 0.637207 0.254395 0.079102 0.139648
0 0.729004 0.259766 0.100586 0.148438
0 0.908203 0.419434 0.181641 0.155273
0 0.909668 0.396973 0.178711 0.147461
0 0.909180 0.408203 0.179688 0.150391
0 0.890137 0.261719 0.215820 0.142578
0 0.943359 0.220215 0.109375 0.057617
0 0.945312 0.211914 0.107422 0.054688
0 0.891602 0.251465 0.212891 0.135742
0 0.890137 0.246094 0.213867 0.134766
0 0.230957 0.709473 0.282227 0.577148
0 0.307617 0.788086 0.109375 0.421875
0 0.099121 0.507324 0.198242 0.176758
0 0.186523 0.279785 0.333984 0.041992
0 0.105957 0.292969 0.211914 0.060547
3 0.494629 0.875000 0.034180 0.246094
1 0.457520 0.426270 0.041992 0.135742
0 0.243652 0.932129 0.487305 0.026367
0 0.603516 0.960938 0.207031 0.076172
0 0.106445 0.731445 0.212891 0.316406
3 0.085938 0.705078 0.048828 0.335938
0 0.932129 0.890137 0.131836 0.063477
0 0.934082 0.902344 0.124023 0.064453
3 0.860840 0.932617 0.051758 0.132812
