1 0.689453 0.354004 0.255859 0.514648
1 0.477539 0.442871 0.056641 0.100586
1 0.519043 0.445312 0.022461 0.117188
0 0.415527 0.116211 0.282227 0.232422
0 0.419434 0.114746 0.276367 0.229492
0 0.424805 0.112793 0.267578 0.225586
0 0.543945 0.062988 0.099609 0.124023
0 0.544922 0.058594 0.093750 0.117188
0 0.552734 0.058105 0.091797 0.116211
0 0.908203 0.137695 0.181641 0.164062
0 0.876465 0.222656 0.245117 0.187500
0 0.758789 0.103027 0.087891 0.206055
0 0.766113 0.103027 0.083008 0.206055
0 0.880859 0.353027 0.234375 0.112305
0 0.867676 0.321289 0.262695 0.156250
0 0.870117 0.297363 0.257812 0.157227
0 0.874023 0.240723 0.250000 0.196289
0 0.530762 0.339355 0.077148 0.127930
0 0.600098 0.340332 0.139648 0.139648
0 0.654297 0.345215 0.242188 0.166992
0 0.630859 0.156250 0.060547 0.072266
0 0.635742 0.168945 0.042969 0.050781
0 0.634766 0.169922 0.042969 0.050781
