0 0.034180 0.017090 0.068359 0.034180
0 0.042480 0.022949 0.084961 0.045898
0 0.103027 0.079590 0.206055 0.159180
0 0.105957 0.085938 0.211914 0.171875
1 0.114746 0.205566 0.194336 0.411133
1 0.467773 0.163086 0.130859 0.326172
0 0.430176 0.016602 0.008789 0.033203
0 0.602539 0.624023 0.218750 0.750000
0 0.735352 0.527344 0.484375 0.943359
0 0.765625 0.319824 0.466797 0.639648
0 0.797852 0.413086 0.402344 0.587891
0 0.797363 0.419922 0.403320 0.578125
0 0.797363 0.449219 0.403320 0.609375
3 0.595215 0.145020 0.012695 0.204102
0 0.797852 0.479492 0.402344 0.640625
0 0.836914 0.112305 0.324219 0.224609
0 0.100586 0.074707 0.201172 0.149414
4 0.541992 0.044434 0.103516 0.010742
4 0.543457 0.067871 0.094727 0.010742
4 0.548340 0.089844 0.084961 0.013672
4 0.554688 0.113770 0.070312 0.008789
4 0.558105 0.125977 0.065430 0.009766
4 0.560059 0.138672 0.057617 0.009766
4 0.563965 0.149414 0.053711 0.011719
4 0.509277 0.108398 0.016602 0.003906
4 0.513184 0.119141 0.020508 0.005859
0 0.517090 0.130859 0.024414 0.005859
4 0.520508 0.141113 0.029297 0.008789
0 0.799805 0.300781 0.398438 0.490234
4 0.334473 0.073730 0.178711 0.083008
4 0.334473 0.064941 0.180664 0.086914
4 0.333984 0.056641 0.183594 0.083984
4 0.334473 0.052246 0.184570 0.079102
2 0.238281 0.049805 0.015625 0.099609
4 0.211914 0.023438 0.042969 0.005859
4 0.216309 0.012207 0.030273 0.004883
4 0.218750 0.005371 0.023438 0.002930
4 0.795410 0.370117 0.393555 0.523438
4 0.799316 0.331055 0.399414 0.496094
