1 0.570312 0.499512 0.251953 0.999023
1 0.196289 0.190918 0.099609 0.204102
1 0.060059 0.172363 0.057617 0.282227
1 0.094727 0.180176 0.052734 0.096680
3 0.322266 0.845215 0.025391 0.307617
0 0.388184 0.852539 0.106445 0.292969
0 0.377441 0.869141 0.084961 0.259766
0 0.356934 0.866699 0.088867 0.264648
0 0.280762 0.681152 0.055664 0.079102
0 0.285156 0.672852 0.062500 0.085938
0 0.291016 0.644531 0.074219 0.093750
0 0.722656 0.679199 0.552734 0.584961
0 0.833984 0.474121 0.330078 0.206055
0 0.810547 0.755859 0.375000 0.365234
3 0.729980 0.528809 0.020508 0.133789
0 0.271484 0.435547 0.375000 0.351562
0 0.583984 0.805176 0.246094 0.387695
0 0.149902 0.186035 0.073242 0.057617
0 0.340332 0.276367 0.249023 0.091797
0 0.338379 0.253906 0.254883 0.128906
0 0.339355 0.149902 0.250977 0.032227
0 0.303223 0.153320 0.174805 0.015625
0 0.502441 0.149902 0.065430 0.032227
0 0.820801 0.408203 0.286133 0.064453
0 0.813477 0.363770 0.257812 0.049805
0 0.814453 0.373535 0.263672 0.051758
0 0.786621 0.409668 0.362305 0.086914
0 0.764160 0.258301 0.315430 0.129883
1 0.959961 0.351562 0.078125 0.185547
0 0.826172 0.192383 0.345703 0.089844
4 0.259766 0.316895 0.132812 0.055664
0 0.386230 0.363770 0.118164 0.041992
0 0.300293 0.349609 0.397461 0.310547
