0 0.430664 0.079590 0.861328 0.159180
0 0.498535 0.183105 0.997070 0.124023
1 0.311523 0.752441 0.203125 0.491211
0 0.499512 0.563477 0.999023 0.132812
0 0.499512 0.642578 0.999023 0.195312
0 0.483887 0.859375 0.967773 0.279297
0 0.125000 0.715332 0.242188 0.004883
0 0.624023 0.821777 0.750000 0.198242
0 0.624512 0.810547 0.743164 0.193359
0 0.687012 0.766602 0.618164 0.144531
0 0.689453 0.716797 0.619141 0.128906
0 0.689941 0.757812 0.622070 0.142578
0 0.131348 0.724609 0.227539 0.003906
3 0.895508 0.962891 0.009766 0.072266
3 0.023926 0.839355 0.022461 0.114258
0 0.951660 0.937012 0.092773 0.024414
0 0.951172 0.945312 0.093750 0.025391
0 0.951660 0.955566 0.094727 0.026367
0 0.943848 0.984863 0.079102 0.028320
0 0.115234 0.680176 0.230469 0.004883
0 0.116699 0.687500 0.231445 0.005859
0 0.114258 0.658691 0.212891 0.004883
0 0.760742 0.907715 0.259766 0.036133
0 0.763672 0.916016 0.261719 0.035156
0 0.782715 0.928711 0.221680 0.029297
0 0.652832 0.936035 0.469727 0.071289
3 0.410156 0.924805 0.019531 0.138672
