1 0.634277 0.499512 0.563477 0.999023
0 0.295410 0.202637 0.325195 0.403320
0 0.803223 0.480957 0.391602 0.379883
0 0.804199 0.468750 0.389648 0.375000
0 0.837402 0.477051 0.323242 0.327148
0 0.896973 0.345215 0.204102 0.149414
0 0.896973 0.333008 0.204102 0.146484
0 0.911621 0.333496 0.174805 0.131836
0 0.817383 0.168945 0.363281 0.183594
0 0.639160 0.292969 0.057617 0.033203
0 0.516602 0.239746 0.072266 0.041992
0 0.522461 0.233887 0.060547 0.034180
0 0.524902 0.231445 0.055664 0.031250
0 0.468262 0.303711 0.016602 0.125000
0 0.484863 0.453613 0.051758 0.098633
0 0.531738 0.600586 0.499023 0.796875
0 0.631836 0.691895 0.339844 0.614258
0 0.643066 0.750000 0.264648 0.498047
3 0.845215 0.710938 0.038086 0.205078
0 0.925293 0.765625 0.147461 0.164062
0 0.926758 0.712891 0.144531 0.158203
0 0.786133 0.617188 0.099609 0.097656
0 0.791992 0.577637 0.095703 0.084961
0 0.799316 0.563477 0.106445 0.091797
0 0.802246 0.559570 0.108398 0.095703
0 0.930664 0.688965 0.136719 0.143555
0 0.930664 0.683105 0.136719 0.141602
