1 0.656250 0.683105 0.685547 0.631836
1 0.020020 0.297852 0.040039 0.179688
1 0.151367 0.336426 0.074219 0.163086
0 0.951172 0.765625 0.095703 0.076172
0 0.953125 0.754395 0.091797 0.063477
0 0.954590 0.748535 0.086914 0.065430
0 0.531738 0.744629 0.098633 0.122070
0 0.535156 0.730957 0.087891 0.100586
0 0.542480 0.723633 0.075195 0.082031
0 0.243652 0.558594 0.170898 0.281250
0 0.313477 0.469238 0.287109 0.268555
0 0.350098 0.421875 0.354492 0.261719
0 0.900391 0.956055 0.083984 0.085938
0 0.893555 0.961426 0.072266 0.079102
0 0.884277 0.967285 0.059570 0.065430
