1 0.662598 0.321289 0.249023 0.642578
0 0.719727 0.499512 0.501953 0.999023
0 0.738281 0.499512 0.513672 0.999023
0 0.714355 0.499512 0.497070 0.999023
0 0.892578 0.134766 0.212891 0.261719
0 0.895996 0.122559 0.204102 0.243164
0 0.901367 0.113770 0.193359 0.225586
0 0.926270 0.306641 0.145508 0.177734
0 0.927246 0.367188 0.143555 0.177734
0 0.933105 0.283691 0.131836 0.155273
0 0.933594 0.277344 0.130859 0.150391
1 0.047852 0.826172 0.095703 0.345703
0 0.792480 0.209961 0.094727 0.101562
0 0.801758 0.167480 0.091797 0.086914
0 0.809570 0.151855 0.099609 0.092773
0 0.813477 0.148438 0.103516 0.099609
3 0.842773 0.304199 0.050781 0.202148
