0 0.499512 0.261719 0.999023 0.083984
0 0.499512 0.048340 0.999023 0.049805
0 0.499023 0.701660 0.998047 0.083008
0 0.499512 0.577637 0.999023 0.088867
0 0.499512 0.581055 0.999023 0.087891
0 0.499512 0.328613 0.999023 0.084961
0 0.499512 0.349121 0.999023 0.086914
0 0.499512 0.427246 0.999023 0.092773
0 0.499512 0.450195 0.999023 0.089844
3 0.526367 0.846191 0.021484 0.295898
0 0.256348 0.818359 0.512695 0.042969
0 0.499512 0.605957 0.999023 0.090820
0 0.260742 0.748535 0.519531 0.032227
0 0.264648 0.730469 0.519531 0.029297
0 0.261719 0.712402 0.523438 0.026367
0 0.674805 0.820312 0.271484 0.050781
0 0.767578 0.751465 0.460938 0.034180
0 0.770996 0.732422 0.456055 0.033203
0 0.769043 0.713379 0.458008 0.028320
