2 0.525391 0.665527 0.722656 0.510742
0 0.761230 0.499512 0.012695 0.999023
0 0.190430 0.821289 0.060547 0.355469
0 0.228516 0.720703 0.097656 0.556641
0 0.226074 0.613281 0.006836 0.025391
0 0.299805 0.285156 0.128906 0.570312
0 0.324707 0.204590 0.084961 0.409180
0 0.059570 0.215332 0.119141 0.430664
0 0.006836 0.022461 0.013672 0.044922
0 0.821777 0.910645 0.004883 0.176758
0 0.822266 0.787598 0.003906 0.022461
0 0.809570 0.369629 0.023438 0.739258
0 0.499512 0.867188 0.026367 0.263672
0 0.550781 0.326172 0.064453 0.652344
