2 0.276367 0.499512 0.552734 0.999023
2 0.706055 0.608398 0.185547 0.781250
0 0.392090 0.908203 0.260742 0.181641
0 0.775391 0.744629 0.447266 0.122070
0 0.614258 0.538574 0.769531 0.104492
0 0.101074 0.649414 0.202148 0.113281
0 0.247070 0.437988 0.226562 0.018555
0 0.776855 0.399414 0.440430 0.039062
0 0.051758 0.530273 0.101562 0.035156
0 0.052734 0.601562 0.103516 0.039062
0 0.248047 0.533203 0.228516 0.083984
0 0.875488 0.205078 0.247070 0.003906
0 0.576172 0.483398 0.363281 0.150391
0 0.771484 0.021484 0.455078 0.042969
0 0.631836 0.389160 0.119141 0.047852
0 0.553711 0.361816 0.125000 0.045898
0 0.566895 0.252930 0.348633 0.095703
0 0.872070 0.359863 0.251953 0.012695
0 0.834473 0.189453 0.327148 0.007812
0 0.155762 0.647949 0.278320 0.106445
0 0.220215 0.475098 0.178711 0.059570
0 0.721191 0.026855 0.549805 0.053711
0 0.787598 0.011719 0.415039 0.023438
0 0.054688 0.447754 0.089844 0.010742
0 0.047852 0.328613 0.093750 0.024414
0 0.162109 0.356445 0.072266 0.021484
0 0.439453 0.465332 0.097656 0.040039
0 0.451660 0.238770 0.114258 0.032227
0 0.602051 0.200684 0.090820 0.022461
