2 0.281738 0.510742 0.262695 0.976562
0 0.201172 0.573730 0.402344 0.301758
0 0.132324 0.437012 0.264648 0.151367
0 0.081543 0.358887 0.163086 0.075195
2 0.449219 0.394043 0.078125 0.317383
1 0.875488 0.100586 0.057617 0.121094
0 0.431641 0.131348 0.857422 0.067383
0 0.157715 0.052246 0.315430 0.026367
0 0.091797 0.044434 0.181641 0.012695
0 0.128906 0.110840 0.255859 0.040039
0 0.513672 0.081055 0.601562 0.080078
0 0.571289 0.082520 0.472656 0.084961
0 0.110840 0.466797 0.217773 0.095703
0 0.316406 0.377441 0.160156 0.075195
0 0.104004 0.433594 0.206055 0.083984
0 0.109375 0.399414 0.216797 0.082031
0 0.080078 0.334473 0.160156 0.047852
0 0.304199 0.355957 0.051758 0.010742
0 0.593262 0.365723 0.354492 0.102539
0 0.540039 0.320312 0.255859 0.044922
0 0.447266 0.317871 0.072266 0.038086
0 0.316895 0.308105 0.284180 0.026367
0 0.569824 0.211426 0.276367 0.018555
