1 0.593750 0.242676 0.070312 0.436523
2 0.343262 0.314941 0.040039 0.303711
2 0.107910 0.273438 0.022461 0.544922
2 0.898438 0.238770 0.017578 0.477539
2 0.963379 0.222168 0.018555 0.444336
0 0.198730 0.036621 0.395508 0.073242
0 0.391113 0.070312 0.782227 0.140625
0 0.046875 0.013184 0.091797 0.018555
0 0.468262 0.167480 0.229492 0.059570
0 0.467285 0.198242 0.223633 0.054688
0 0.473145 0.222656 0.209961 0.052734
0 0.470703 0.249023 0.208984 0.007812
0 0.469727 0.265137 0.208984 0.008789
0 0.468750 0.279297 0.207031 0.009766
0 0.458008 0.169434 0.240234 0.004883
0 0.470215 0.192871 0.215820 0.004883
0 0.161621 0.180176 0.323242 0.022461
0 0.158691 0.233887 0.317383 0.065430
0 0.161621 0.257812 0.323242 0.029297
0 0.167480 0.275391 0.323242 0.029297
0 0.164551 0.291016 0.329102 0.025391
0 0.160156 0.260742 0.320312 0.060547
0 0.807129 0.248047 0.383789 0.011719
0 0.807617 0.265625 0.382812 0.009766
0 0.807617 0.280273 0.380859 0.009766
0 0.803711 0.171875 0.390625 0.068359
0 0.804688 0.205566 0.388672 0.069336
0 0.804688 0.231445 0.386719 0.070312
0 0.164551 0.282715 0.327148 0.061523
0 0.167480 0.267578 0.110352 0.023438
0 0.215820 0.228516 0.207031 0.044922
0 0.491699 0.224121 0.172852 0.041992
0 0.468750 0.203125 0.220703 0.054688
0 0.466309 0.173828 0.225586 0.056641
0 0.783691 0.163574 0.346680 0.014648
0 0.803223 0.177734 0.389648 0.068359
