1 0.607422 0.585938 0.289062 0.734375
0 0.565430 0.726562 0.050781 0.544922
0 0.494629 0.733398 0.038086 0.531250
0 0.468750 0.359375 0.003906 0.037109
0 0.454590 0.160156 0.024414 0.320312
0 0.616211 0.110840 0.039062 0.221680
0 0.590820 0.113770 0.035156 0.227539
0 0.507812 0.119629 0.025391 0.239258
0 0.653809 0.108398 0.043945 0.216797
0 0.658203 0.103027 0.039062 0.206055
0 0.757812 0.709961 0.087891 0.578125
0 0.753906 0.708984 0.087891 0.580078
0 0.719238 0.762695 0.065430 0.472656
0 0.676270 0.462402 0.006836 0.032227
0 0.681641 0.493652 0.003906 0.018555
0 0.669434 0.419434 0.006836 0.034180
0 0.662109 0.378418 0.005859 0.032227
0 0.707031 0.379395 0.005859 0.026367
0 0.652832 0.324707 0.010742 0.053711
0 0.659180 0.553711 0.005859 0.025391
0 0.662598 0.577148 0.002930 0.011719
0 0.654785 0.522949 0.004883 0.020508
0 0.647949 0.479492 0.008789 0.050781
0 0.692383 0.802246 0.050781 0.393555
0 0.791992 0.499512 0.179688 0.999023
0 0.806641 0.499512 0.181641 0.999023
0 0.843262 0.499512 0.198242 0.999023
