1 0.535645 0.682129 0.231445 0.633789
0 0.242676 0.621094 0.448242 0.314453
0 0.228027 0.677246 0.456055 0.327148
0 0.226562 0.777832 0.453125 0.333008
0 0.193848 0.750000 0.362305 0.259766
0 0.231934 0.302246 0.463867 0.305664
0 0.282715 0.241211 0.565430 0.367188
0 0.287109 0.227539 0.574219 0.371094
0 0.293945 0.206055 0.587891 0.378906
0 0.165527 0.882324 0.331055 0.233398
0 0.658203 0.960449 0.128906 0.077148
0 0.721191 0.931152 0.225586 0.135742
0 0.836426 0.693359 0.325195 0.208984
0 0.818359 0.588379 0.361328 0.237305
0 0.818359 0.571777 0.361328 0.239258
0 0.817871 0.544434 0.362305 0.241211
0 0.084473 0.937988 0.168945 0.122070
0 0.144531 0.895020 0.289062 0.208008
