1 0.461426 0.499512 0.163086 0.999023
0 0.208496 0.426758 0.416992 0.031250
0 0.204590 0.255859 0.409180 0.031250
0 0.176758 0.252930 0.353516 0.025391
0 0.223145 0.540039 0.446289 0.033203
0 0.210449 0.562988 0.420898 0.028320
0 0.223633 0.714355 0.447266 0.030273
0 0.225098 0.844727 0.450195 0.027344
0 0.187500 0.095703 0.375000 0.023438
0 0.754395 0.119629 0.489258 0.073242
0 0.751465 0.288086 0.495117 0.085938
0 0.756348 0.274902 0.485352 0.065430
0 0.749512 0.454102 0.499023 0.078125
0 0.726074 0.563477 0.545898 0.078125
0 0.727051 0.731934 0.543945 0.065430
0 0.729004 0.859375 0.540039 0.056641
0 0.748047 0.584961 0.501953 0.068359
