1 0.475586 0.443848 0.169922 0.887695
0 0.229980 0.463379 0.459961 0.043945
0 0.231934 0.583984 0.463867 0.041016
0 0.208984 0.170898 0.417969 0.044922
0 0.226562 0.298340 0.453125 0.049805
0 0.215332 0.308105 0.430664 0.041992
0 0.059082 0.005371 0.118164 0.010742
0 0.095703 0.009277 0.191406 0.018555
0 0.732422 0.302734 0.533203 0.058594
0 0.753418 0.311523 0.491211 0.050781
0 0.754395 0.178711 0.489258 0.062500
0 0.864746 0.018066 0.268555 0.036133
0 0.733398 0.464355 0.531250 0.045898
0 0.735840 0.581543 0.526367 0.036133
