1 0.627930 0.593262 0.486328 0.446289
0 0.395508 0.316406 0.046875 0.632812
0 0.415039 0.306152 0.044922 0.612305
0 0.428711 0.298340 0.044922 0.596680
0 0.461426 0.529297 0.010742 0.099609
0 0.458984 0.248535 0.039062 0.497070
0 0.684570 0.233887 0.046875 0.467773
0 0.708008 0.482422 0.001953 0.009766
0 0.716797 0.242188 0.048828 0.484375
0 0.730957 0.213379 0.041992 0.426758
0 0.741699 0.499512 0.002930 0.010742
0 0.744629 0.522949 0.004883 0.020508
0 0.761230 0.732910 0.008789 0.094727
0 0.773438 0.892090 0.017578 0.213867
0 0.789551 0.923340 0.012695 0.151367
0 0.813965 0.818848 0.028320 0.360352
0 0.937500 0.499512 0.080078 0.999023
0 0.955566 0.499512 0.077148 0.999023
0 0.986816 0.158691 0.024414 0.317383
0 0.763184 0.253418 0.053711 0.506836
0 0.434082 0.851074 0.026367 0.295898
0 0.453613 0.824707 0.020508 0.221680
0 0.470703 0.860840 0.023438 0.276367
0 0.514648 0.954590 0.007812 0.088867
0 0.502930 0.811523 0.001953 0.013672
