1 0.458984 0.499512 0.164062 0.999023
0 0.187012 0.142578 0.374023 0.021484
0 0.204102 0.302734 0.408203 0.029297
0 0.175781 0.296875 0.351562 0.021484
0 0.207520 0.474609 0.415039 0.029297
0 0.748535 0.504395 0.500977 0.081055
0 0.726562 0.613770 0.544922 0.081055
0 0.221191 0.587891 0.442383 0.031250
0 0.208984 0.613770 0.417969 0.026367
0 0.222168 0.765137 0.444336 0.026367
0 0.726074 0.786133 0.545898 0.068359
0 0.728027 0.917969 0.541992 0.058594
0 0.747559 0.637695 0.502930 0.070312
0 0.751465 0.337402 0.495117 0.088867
0 0.755859 0.322266 0.486328 0.068359
0 0.753906 0.169922 0.490234 0.076172
