0 0.792480 0.278809 0.004883 0.014648
0 0.787109 0.262207 0.003906 0.010742
0 0.835938 0.616211 0.207031 0.765625
2 0.123535 0.541016 0.247070 0.878906
1 0.723145 0.542480 0.331055 0.913086
3 0.742676 0.204102 0.057617 0.328125
0 0.025391 0.435547 0.050781 0.291016
0 0.112793 0.077148 0.049805 0.154297
0 0.672852 0.063477 0.046875 0.126953
0 0.676758 0.053711 0.039062 0.107422
0 0.632812 0.080078 0.050781 0.160156
0 0.666992 0.189453 0.013672 0.037109
0 0.678711 0.226074 0.007812 0.020508
0 0.692871 0.271973 0.014648 0.045898
0 0.710938 0.663574 0.130859 0.670898
0 0.717285 0.051270 0.043945 0.102539
0 0.734375 0.049805 0.046875 0.099609
0 0.733887 0.040527 0.034180 0.081055
0 0.743652 0.023438 0.022461 0.046875
0 0.764160 0.063965 0.008789 0.018555
0 0.772949 0.087402 0.006836 0.018555
0 0.602051 0.156250 0.081055 0.312500
0 0.578613 0.223145 0.096680 0.446289
0 0.563477 0.278320 0.105469 0.556641
0 0.798828 0.043457 0.044922 0.086914
0 0.934082 0.391602 0.129883 0.359375
0 0.921875 0.534668 0.154297 0.479492
0 0.829590 0.258789 0.018555 0.041016
0 0.865234 0.363770 0.066406 0.196289
0 0.901367 0.562988 0.195312 0.614258
0 0.803711 0.316895 0.015625 0.049805
0 0.772461 0.520508 0.007812 0.023438
0 0.835938 0.773438 0.111328 0.451172
0 0.911133 0.661133 0.175781 0.560547
0 0.799316 0.405762 0.012695 0.032227
0 0.888184 0.716797 0.157227 0.564453
0 0.963867 0.652832 0.070312 0.206055
0 0.002441 0.008301 0.004883 0.016602
0 0.652344 0.788574 0.066406 0.420898
0 0.676270 0.733398 0.090820 0.531250
