0 0.161621 0.499512 0.178711 0.999023
0 0.181641 0.626465 0.125000 0.745117
0 0.199219 0.631836 0.115234 0.734375
0 0.259277 0.696777 0.065430 0.604492
0 0.315430 0.759277 0.042969 0.479492
0 0.349121 0.799805 0.032227 0.398438
0 0.603516 0.716309 0.013672 0.565430
0 0.613281 0.116211 0.003906 0.232422
0 0.601074 0.111816 0.004883 0.223633
0 0.593750 0.107910 0.005859 0.215820
0 0.269043 0.100098 0.034180 0.200195
0 0.282227 0.097168 0.031250 0.194336
0 0.389160 0.068848 0.018555 0.137695
0 0.420410 0.070312 0.016602 0.140625
0 0.551758 0.072266 0.007812 0.144531
0 0.587891 0.773926 0.011719 0.450195
0 0.577637 0.814941 0.010742 0.368164
0 0.595703 0.422363 0.003906 0.104492
0 0.536133 0.469238 0.007812 0.198242
0 0.517578 0.958008 0.005859 0.082031
0 0.377441 0.478516 0.008789 0.070312
0 0.586914 0.421387 0.001953 0.092773
0 0.339844 0.079102 0.025391 0.158203
0 0.338379 0.046875 0.014648 0.093750
0 0.341797 0.461426 0.007812 0.045898
0 0.348145 0.413086 0.004883 0.031250
0 0.353516 0.366211 0.005859 0.041016
1 0.430664 0.548340 0.414062 0.819336
0 0.263672 0.699707 0.060547 0.598633
0 0.589844 0.259766 0.003906 0.050781
0 0.597656 0.260742 0.001953 0.039062
0 0.610840 0.303711 0.002930 0.023438
0 0.587402 0.340820 0.002930 0.037109
0 0.597168 0.341309 0.002930 0.030273
0 0.262207 0.234375 0.006836 0.039062
