1 0.377441 0.499512 0.477539 0.999023
0 0.579590 0.854980 0.004883 0.288086
0 0.584961 0.774902 0.007812 0.448242
0 0.594238 0.662109 0.008789 0.673828
0 0.586914 0.313477 0.003906 0.224609
0 0.589844 0.374023 0.001953 0.111328
0 0.583008 0.583496 0.001953 0.071289
0 0.291016 0.840820 0.035156 0.316406
0 0.240723 0.758789 0.063477 0.480469
0 0.304688 0.330566 0.019531 0.102539
0 0.232422 0.246094 0.017578 0.068359
0 0.223633 0.229004 0.011719 0.047852
0 0.211426 0.208008 0.006836 0.025391
0 0.194336 0.106934 0.015625 0.057617
0 0.164062 0.652344 0.113281 0.693359
0 0.133301 0.648438 0.153320 0.701172
0 0.127930 0.610352 0.132812 0.726562
0 0.181641 0.337402 0.033203 0.147461
0 0.092285 0.717773 0.131836 0.562500
0 0.089355 0.531250 0.178711 0.714844
0 0.493164 0.301758 0.007812 0.119141
