2 0.624512 0.915039 0.538086 0.162109
0 0.711914 0.431641 0.019531 0.863281
0 0.247559 0.499023 0.149414 0.998047
0 0.511230 0.426270 0.057617 0.852539
0 0.560059 0.417969 0.040039 0.835938
0 0.674805 0.430176 0.007812 0.860352
0 0.095215 0.474121 0.190430 0.948242
0 0.358398 0.499023 0.115234 0.998047
0 0.243164 0.499023 0.152344 0.998047
0 0.100098 0.636719 0.139648 0.722656
0 0.520020 0.428223 0.053711 0.856445
0 0.526367 0.430176 0.052734 0.860352
0 0.718750 0.430176 0.021484 0.860352
0 0.651855 0.422363 0.006836 0.844727
0 0.603516 0.424805 0.025391 0.849609
1 0.915039 0.964844 0.164062 0.064453
0 0.945312 0.461426 0.107422 0.922852
0 0.965332 0.257812 0.067383 0.505859
0 0.976074 0.162109 0.041992 0.314453
