2 0.776855 0.547363 0.317383 0.901367
1 0.263184 0.861816 0.145508 0.274414
0 0.124512 0.875488 0.170898 0.241211
0 0.158203 0.923340 0.089844 0.147461
0 0.186523 0.924316 0.083984 0.143555
0 0.202637 0.979980 0.022461 0.030273
0 0.514648 0.798828 0.136719 0.400391
0 0.614258 0.696289 0.162109 0.605469
0 0.651367 0.819824 0.072266 0.358398
0 0.671387 0.931641 0.024414 0.134766
0 0.727051 0.808105 0.051758 0.381836
0 0.833496 0.702148 0.026367 0.593750
1 0.123535 0.042480 0.036133 0.083008
1 0.720703 0.242676 0.044922 0.209961
2 0.841309 0.134277 0.071289 0.229492
2 0.962891 0.330566 0.072266 0.405273
4 0.626465 0.470703 0.090820 0.281250
4 0.429688 0.488281 0.394531 0.457031
4 0.463867 0.498535 0.332031 0.477539
