2 0.674805 0.651855 0.197266 0.694336
0 0.885254 0.385742 0.227539 0.513672
0 0.725098 0.180176 0.059570 0.360352
0 0.806641 0.246094 0.136719 0.492188
0 0.219238 0.543945 0.438477 0.910156
0 0.145996 0.850098 0.290039 0.297852
0 0.083496 0.939453 0.166992 0.119141
0 0.665527 0.155762 0.030273 0.311523
0 0.636230 0.150391 0.022461 0.300781
0 0.750977 0.180176 0.072266 0.356445
0 0.294434 0.498535 0.377930 0.997070
0 0.213379 0.647461 0.426758 0.701172
0 0.625000 0.871094 0.019531 0.253906
0 0.947266 0.940918 0.097656 0.116211
0 0.716309 0.799316 0.030273 0.133789
0 0.650879 0.639648 0.028320 0.150391
0 0.605957 0.853027 0.012695 0.290039
0 0.613770 0.859375 0.014648 0.277344
0 0.651855 0.842285 0.041992 0.309570
0 0.663574 0.902832 0.032227 0.188477
0 0.680664 0.965332 0.017578 0.067383
0 0.613281 0.609863 0.003906 0.081055
0 0.623535 0.617188 0.004883 0.066406
0 0.629883 0.537109 0.005859 0.046875
0 0.615234 0.535156 0.001953 0.048828
0 0.616699 0.476562 0.002930 0.052734
0 0.637207 0.452637 0.010742 0.100586
0 0.684082 0.434570 0.022461 0.126953
0 0.710938 0.609375 0.013672 0.066406
0 0.684570 0.584473 0.009766 0.084961
0 0.697754 0.470215 0.006836 0.049805
0 0.694824 0.713867 0.008789 0.060547
