2 0.688477 0.649414 0.537109 0.699219
1 0.915039 0.972656 0.167969 0.052734
0 0.826660 0.653809 0.036133 0.586914
0 0.786621 0.812012 0.018555 0.374023
0 0.722168 0.881348 0.008789 0.235352
0 0.533203 0.736816 0.027344 0.524414
0 0.553711 0.224121 0.021484 0.448242
0 0.633301 0.405273 0.004883 0.119141
0 0.740723 0.167969 0.034180 0.335938
0 0.788574 0.157715 0.038086 0.315430
0 0.372070 0.499023 0.126953 0.998047
0 0.763184 0.420410 0.014648 0.120117
0 0.264160 0.500977 0.176758 0.996094
0 0.951172 0.745605 0.068359 0.391602
0 0.174316 0.348633 0.165039 0.697266
0 0.144531 0.331055 0.167969 0.662109
0 0.055664 0.854980 0.070312 0.288086
0 0.030273 0.794434 0.060547 0.241211
0 0.538086 0.738281 0.027344 0.523438
0 0.627441 0.903809 0.004883 0.188477
0 0.683594 0.923340 0.003906 0.151367
0 0.690430 0.166992 0.019531 0.333984
0 0.632324 0.158203 0.004883 0.316406
0 0.556641 0.223633 0.021484 0.447266
0 0.978027 0.639648 0.041992 0.218750
0 0.255859 0.499512 0.181641 0.997070
3 0.065430 0.652344 0.130859 0.197266
0 0.629883 0.651855 0.007812 0.229492
0 0.676758 0.646973 0.009766 0.272461
0 0.711914 0.593750 0.013672 0.158203
0 0.067871 0.304688 0.135742 0.429688
0 0.071289 0.310547 0.138672 0.435547
0 0.104980 0.275879 0.166992 0.549805
0 0.102539 0.333984 0.134766 0.472656
4 0.148438 0.043945 0.027344 0.083984
4 0.153320 0.043945 0.029297 0.087891
4 0.182129 0.047852 0.028320 0.089844
4 0.008789 0.673828 0.017578 0.080078
