1 0.398926 0.250488 0.174805 0.500977
0 0.314453 0.753418 0.166016 0.491211
0 0.483887 0.500000 0.295898 0.998047
0 0.577148 0.499512 0.261719 0.999023
0 0.626953 0.499512 0.240234 0.999023
0 0.662109 0.499512 0.228516 0.999023
0 0.718750 0.645508 0.134766 0.703125
0 0.840332 0.499512 0.161133 0.999023
0 0.865234 0.499512 0.154297 0.999023
0 0.185059 0.681641 0.237305 0.628906
0 0.160645 0.584961 0.321289 0.816406
0 0.515625 0.143555 0.091797 0.279297
0 0.850098 0.499512 0.161133 0.999023
2 0.800781 0.298340 0.113281 0.596680
0 0.162109 0.381348 0.324219 0.762695
0 0.130371 0.274902 0.260742 0.528320
0 0.124512 0.202148 0.249023 0.404297
0 0.082520 0.169434 0.165039 0.338867
0 0.044434 0.077637 0.088867 0.155273
0 0.156250 0.368164 0.312500 0.736328
0 0.111328 0.181152 0.222656 0.362305
0 0.098633 0.192383 0.197266 0.384766
0 0.201660 0.094238 0.069336 0.145508
