0 0.394531 0.499512 0.455078 0.999023
0 0.489746 0.499512 0.432617 0.999023
0 0.599609 0.499512 0.408203 0.999023
0 0.659180 0.499023 0.390625 0.998047
0 0.709473 0.498535 0.383789 0.997070
0 0.812988 0.499512 0.360352 0.999023
0 0.876953 0.635742 0.242188 0.726562
0 0.886230 0.649414 0.229492 0.699219
0 0.896973 0.679199 0.209961 0.639648
0 0.190918 0.377441 0.381836 0.754883
0 0.095703 0.172363 0.191406 0.344727
0 0.075195 0.119141 0.150391 0.238281
1 0.526855 0.072754 0.137695 0.145508
0 0.148438 0.275879 0.294922 0.551758
0 0.057129 0.094238 0.114258 0.188477
0 0.223633 0.456055 0.447266 0.912109
0 0.138672 0.260742 0.277344 0.521484
0 0.053711 0.081055 0.105469 0.162109
0 0.042969 0.072266 0.085938 0.144531
0 0.039062 0.059082 0.078125 0.118164
3 0.096191 0.194824 0.129883 0.317383
2 0.941406 0.170898 0.115234 0.341797
