2 0.651855 0.453613 0.694336 0.375977
1 0.939453 0.682129 0.119141 0.252930
0 0.110840 0.499512 0.106445 0.999023
0 0.272461 0.499512 0.089844 0.999023
0 0.463379 0.685059 0.041992 0.624023
0 0.496094 0.171875 0.029297 0.343750
0 0.819336 0.153320 0.009766 0.306641
0 0.793945 0.153809 0.011719 0.307617
0 0.732422 0.153809 0.013672 0.307617
0 0.570312 0.130371 0.019531 0.260742
0 0.697754 0.135742 0.014648 0.271484
0 0.637207 0.144531 0.018555 0.289062
0 0.533691 0.769043 0.030273 0.459961
0 0.609863 0.671875 0.040039 0.654297
0 0.796875 0.717285 0.033203 0.563477
0 0.772949 0.743652 0.032227 0.510742
0 0.707520 0.788086 0.026367 0.421875
0 0.669922 0.794434 0.025391 0.409180
0 0.114746 0.500488 0.104492 1.000977
0 0.475098 0.730957 0.034180 0.530273
0 0.483398 0.744629 0.033203 0.499023
0 0.510254 0.174316 0.026367 0.346680
0 0.519043 0.175293 0.026367 0.350586
