2 0.662598 0.500000 0.223633 0.998047
1 0.924316 0.753418 0.149414 0.487305
3 0.405762 0.145020 0.012695 0.133789
0 0.728516 0.739258 0.076172 0.519531
0 0.769043 0.664062 0.127930 0.669922
0 0.788086 0.488281 0.208984 0.792969
0 0.811523 0.486816 0.195312 0.717773
0 0.642578 0.564453 0.072266 0.869141
0 0.858398 0.300293 0.250000 0.600586
0 0.281738 0.512695 0.364258 0.972656
3 0.175293 0.726074 0.038086 0.254883
0 0.227539 0.563477 0.380859 0.869141
0 0.454590 0.547363 0.129883 0.903320
0 0.374023 0.523926 0.242188 0.950195
0 0.368652 0.520508 0.245117 0.957031
0 0.600586 0.695801 0.017578 0.454102
0 0.617188 0.655273 0.035156 0.685547
0 0.076172 0.794922 0.152344 0.394531
0 0.278809 0.340332 0.249023 0.510742
0 0.295898 0.341797 0.230469 0.507812
0 0.097656 0.812500 0.138672 0.361328
0 0.900391 0.557617 0.107422 0.205078
4 0.800781 0.359863 0.091797 0.186523
0 0.911621 0.334473 0.174805 0.235352
0 0.923828 0.367676 0.148438 0.192383
0 0.918457 0.532715 0.088867 0.151367
0 0.916016 0.478516 0.111328 0.179688
4 0.791992 0.268066 0.136719 0.247070
4 0.815430 0.344238 0.117188 0.227539
0 0.922852 0.284668 0.152344 0.184570
