2 0.669434 0.351562 0.541992 0.701172
1 0.908203 0.741699 0.181641 0.217773
3 0.060547 0.335449 0.121094 0.178711
0 0.500977 0.649902 0.042969 0.698242
0 0.583008 0.518066 0.048828 0.961914
0 0.659668 0.775391 0.018555 0.445312
0 0.695312 0.729980 0.019531 0.536133
0 0.785645 0.600586 0.018555 0.796875
0 0.206055 0.500000 0.138672 0.998047
0 0.060547 0.340332 0.121094 0.680664
0 0.333984 0.499512 0.107422 0.999023
0 0.539062 0.082031 0.021484 0.164062
0 0.793945 0.135742 0.005859 0.121094
0 0.752441 0.726074 0.016602 0.543945
0 0.038574 0.136719 0.063477 0.273438
0 0.020508 0.088379 0.041016 0.172852
0 0.018555 0.081055 0.037109 0.162109
0 0.079102 0.469727 0.158203 0.937500
0 0.053223 0.134766 0.055664 0.263672
0 0.703125 0.322754 0.003906 0.125977
0 0.635254 0.524414 0.040039 0.951172
0 0.507324 0.687012 0.040039 0.627930
0 0.530273 0.272949 0.015625 0.172852
0 0.525391 0.233887 0.009766 0.088867
0 0.669922 0.314941 0.003906 0.129883
0 0.668457 0.462891 0.004883 0.062500
0 0.758301 0.130371 0.004883 0.137695
0 0.975586 0.260254 0.046875 0.514648
0 0.945312 0.445801 0.029297 0.360352
