2 0.576172 0.692871 0.205078 0.608398
0 0.813477 0.829590 0.369141 0.166992
0 0.635254 0.878906 0.209961 0.236328
0 0.811035 0.425293 0.374023 0.282227
0 0.700195 0.237305 0.246094 0.474609
1 0.961914 0.954590 0.074219 0.088867
0 0.648926 0.967773 0.040039 0.058594
0 0.633789 0.199219 0.134766 0.398438
0 0.685547 0.195312 0.177734 0.390625
0 0.597168 0.194336 0.102539 0.388672
0 0.793457 0.898438 0.272461 0.029297
2 0.481445 0.853516 0.031250 0.205078
0 0.508789 0.793945 0.031250 0.082031
0 0.517090 0.611328 0.014648 0.078125
0 0.553223 0.454590 0.012695 0.051758
0 0.600098 0.609863 0.036133 0.081055
0 0.495117 0.733887 0.011719 0.053711
4 0.535645 0.439453 0.012695 0.072266
4 0.546387 0.581055 0.036133 0.132812
4 0.539551 0.741211 0.053711 0.107422
