0 0.847168 0.499512 0.047852 0.999023
0 0.819824 0.499512 0.040039 0.999023
0 0.756836 0.499512 0.021484 0.999023
0 0.718262 0.499512 0.008789 0.999023
0 0.666504 0.499512 0.008789 0.999023
0 0.601074 0.499512 0.028320 0.999023
0 0.532715 0.499512 0.047852 0.999023
0 0.526855 0.499512 0.049805 0.999023
0 0.002930 0.016113 0.005859 0.032227
0 0.026855 0.146973 0.053711 0.293945
0 0.130371 0.499512 0.145508 0.999023
0 0.135254 0.499512 0.143555 0.999023
0 0.295898 0.499512 0.105469 0.999023
0 0.517578 0.499512 0.052734 0.999023
