0 0.416504 0.896484 0.833008 0.064453
0 0.416016 0.906738 0.832031 0.061523
0 0.466309 0.579102 0.932617 0.103516
0 0.479004 0.423828 0.956055 0.076172
0 0.471680 0.493652 0.943359 0.069336
0 0.499512 0.231445 0.999023 0.091797
0 0.499512 0.176758 0.999023 0.138672
0 0.499512 0.289551 0.999023 0.083008
1 0.891113 0.678223 0.215820 0.641602
0 0.440918 0.758789 0.881836 0.072266
0 0.422852 0.851562 0.839844 0.054688
0 0.445312 0.710449 0.888672 0.077148
0 0.458008 0.651855 0.916016 0.079102
0 0.461914 0.618652 0.921875 0.086914
0 0.470703 0.520996 0.941406 0.100586
0 0.246094 0.620605 0.488281 0.057617
0 0.248535 0.651367 0.493164 0.046875
0 0.694824 0.646973 0.383789 0.038086
0 0.707031 0.616699 0.412109 0.047852
0 0.708496 0.602539 0.411133 0.039062
3 0.502930 0.708984 0.023438 0.277344
