2 0.605957 0.499512 0.323242 0.999023
1 0.246094 0.674805 0.208984 0.648438
0 0.142578 0.099121 0.285156 0.198242
0 0.201172 0.142578 0.402344 0.285156
0 0.228516 0.178223 0.455078 0.350586
0 0.083008 0.612305 0.166016 0.189453
0 0.375000 0.287109 0.271484 0.306641
0 0.142090 0.939941 0.079102 0.118164
0 0.419434 0.782715 0.165039 0.290039
0 0.465332 0.828125 0.182617 0.341797
0 0.568359 0.871094 0.117188 0.255859
0 0.389160 0.578613 0.221680 0.327148
0 0.953613 0.797852 0.090820 0.402344
0 0.785645 0.096191 0.227539 0.192383
0 0.410645 0.568848 0.252930 0.372070
0 0.147949 0.952148 0.067383 0.097656
0 0.092285 0.832031 0.184570 0.250000
0 0.085449 0.658203 0.170898 0.201172
0 0.620117 0.257324 0.060547 0.090820
0 0.763672 0.157715 0.320312 0.315430
0 0.843750 0.186035 0.267578 0.372070
0 0.840820 0.356934 0.314453 0.575195
0 0.857422 0.193848 0.271484 0.381836
0 0.620605 0.536621 0.043945 0.083008
0 0.093262 0.761719 0.184570 0.234375
0 0.090332 0.734375 0.180664 0.183594
4 0.077637 0.523438 0.155273 0.152344
0 0.078613 0.538574 0.155273 0.165039
4 0.362793 0.517578 0.208008 0.203125
4 0.359375 0.488281 0.208984 0.203125
4 0.358398 0.472168 0.208984 0.202148
4 0.353027 0.450684 0.215820 0.209961
4 0.349609 0.435059 0.216797 0.209961
0 0.122559 0.913574 0.122070 0.170898
