1 0.683105 0.639160 0.165039 0.719727
0 0.870605 0.645020 0.256836 0.133789
0 0.379883 0.880859 0.492188 0.236328
0 0.344238 0.560547 0.688477 0.292969
0 0.470703 0.138672 0.941406 0.277344
0 0.363770 0.121094 0.727539 0.242188
0 0.881836 0.333008 0.234375 0.109375
0 0.880859 0.868164 0.234375 0.128906
0 0.923828 0.956055 0.150391 0.085938
0 0.498047 0.195801 0.996094 0.307617
3 0.305664 0.749023 0.052734 0.281250
0 0.332031 0.777832 0.664062 0.303711
0 0.352539 0.866211 0.560547 0.265625
0 0.333496 0.728516 0.666992 0.300781
0 0.137695 0.680664 0.275391 0.123047
0 0.135742 0.692383 0.271484 0.125000
0 0.139648 0.729004 0.279297 0.125977
0 0.336426 0.661621 0.672852 0.291992
0 0.478516 0.617188 0.359375 0.089844
0 0.489258 0.566895 0.384766 0.170898
0 0.346191 0.423340 0.692383 0.249023
0 0.342285 0.497559 0.684570 0.252930
0 0.345215 0.523438 0.690430 0.291016
0 0.445312 0.581055 0.306641 0.070312
0 0.482910 0.585449 0.379883 0.086914
0 0.869629 0.653320 0.258789 0.064453
4 0.874512 0.563477 0.247070 0.054688
4 0.871582 0.534668 0.250977 0.055664
4 0.871582 0.514648 0.252930 0.078125
4 0.870117 0.493652 0.251953 0.071289
4 0.878906 0.355469 0.238281 0.039062
4 0.879395 0.331543 0.235352 0.043945
4 0.867188 0.278809 0.263672 0.041992
4 0.875977 0.460449 0.238281 0.043945
0 0.144043 0.715332 0.286133 0.124023
