2 0.748535 0.499023 0.301758 0.998047
1 0.289551 0.649902 0.217773 0.698242
0 0.753418 0.720703 0.059570 0.556641
0 0.578125 0.605957 0.183594 0.786133
0 0.524414 0.499512 0.294922 0.999023
0 0.811035 0.168457 0.038086 0.336914
0 0.620605 0.582031 0.184570 0.833984
0 0.187500 0.890625 0.089844 0.216797
0 0.640137 0.577148 0.190430 0.843750
0 0.729004 0.041992 0.028320 0.080078
0 0.728516 0.084961 0.033203 0.142578
0 0.763672 0.726562 0.056641 0.546875
0 0.768555 0.732422 0.052734 0.539062
0 0.800293 0.344238 0.024414 0.209961
0 0.799805 0.399414 0.013672 0.095703
0 0.817871 0.224609 0.024414 0.230469
0 0.099121 0.604004 0.198242 0.352539
0 0.138672 0.817383 0.169922 0.363281
0 0.091797 0.500977 0.183594 0.285156
0 0.476074 0.367188 0.274414 0.734375
0 0.150391 0.808594 0.179688 0.378906
0 0.071777 0.777344 0.143555 0.216797
0 0.103516 0.691406 0.207031 0.318359
0 0.112305 0.625488 0.222656 0.391602
0 0.129395 0.694336 0.161133 0.316406
0 0.202148 0.574707 0.060547 0.098633
0 0.391602 0.447754 0.123047 0.215820
0 0.346191 0.437988 0.067383 0.104492
0 0.348633 0.404785 0.095703 0.153320
4 0.497070 0.167969 0.201172 0.328125
4 0.488281 0.196777 0.218750 0.385742
4 0.409668 0.156250 0.243164 0.310547
4 0.362793 0.142578 0.256836 0.285156
