2 0.410645 0.499512 0.284180 0.999023
1 0.116699 0.649902 0.233398 0.698242
0 0.020996 0.913086 0.041992 0.087891
0 0.020020 0.886230 0.040039 0.081055
0 0.017578 0.823242 0.035156 0.066406
0 0.012207 0.686523 0.024414 0.044922
0 0.009766 0.616699 0.019531 0.032227
0 0.006348 0.594238 0.012695 0.014648
0 0.180664 0.192871 0.273438 0.385742
0 0.153809 0.138184 0.307617 0.262695
0 0.114746 0.238770 0.172852 0.161133
0 0.092773 0.285645 0.117188 0.110352
0 0.200195 0.382812 0.238281 0.287109
0 0.208984 0.408203 0.240234 0.300781
0 0.234863 0.478516 0.209961 0.400391
0 0.217773 0.537109 0.162109 0.312500
0 0.282715 0.674805 0.149414 0.343750
0 0.313477 0.758301 0.193359 0.481445
0 0.382812 0.880859 0.078125 0.236328
0 0.463867 0.641602 0.046875 0.138672
0 0.455078 0.405762 0.054688 0.139648
0 0.444336 0.101562 0.064453 0.121094
0 0.496582 0.019043 0.036133 0.038086
0 0.497070 0.083496 0.134766 0.166992
0 0.595703 0.103027 0.119141 0.206055
0 0.610840 0.108887 0.122070 0.217773
0 0.630859 0.235840 0.201172 0.471680
0 0.514160 0.507324 0.026367 0.055664
0 0.790039 0.499512 0.150391 0.999023
0 0.866211 0.499512 0.091797 0.999023
0 0.921875 0.499512 0.052734 0.999023
0 0.054199 0.052734 0.108398 0.105469
0 0.020508 0.018066 0.041016 0.036133
0 0.272949 0.115234 0.225586 0.216797
0 0.348145 0.285156 0.092773 0.175781
0 0.354004 0.312012 0.084961 0.120117
0 0.352051 0.199707 0.049805 0.061523
4 0.312988 0.164551 0.030273 0.038086
4 0.321777 0.170898 0.036133 0.041016
4 0.137207 0.354980 0.149414 0.159180
4 0.166992 0.354004 0.208984 0.250977
0 0.143066 0.365723 0.155273 0.170898
4 0.175293 0.360840 0.211914 0.266602
4 0.187500 0.370605 0.218750 0.290039
4 0.267578 0.098145 0.109375 0.102539
0 0.169922 0.570801 0.109375 0.153320
0 0.252930 0.455566 0.041016 0.059570
0 0.294434 0.397949 0.014648 0.020508
0 0.447754 0.354004 0.047852 0.079102
0 0.504883 0.257812 0.052734 0.087891
