2 0.856445 0.499512 0.285156 0.999023
0 0.745117 0.632812 0.154297 0.732422
0 0.699707 0.499023 0.252930 0.998047
0 0.673828 0.499512 0.246094 0.999023
0 0.602539 0.499512 0.289062 0.999023
0 0.487793 0.499023 0.319336 0.998047
1 0.087891 0.513672 0.175781 0.970703
0 0.242676 0.208984 0.270508 0.417969
0 0.092773 0.356445 0.033203 0.068359
0 0.073242 0.292480 0.046875 0.075195
0 0.069824 0.256348 0.045898 0.065430
0 0.069336 0.237305 0.046875 0.072266
0 0.079102 0.335449 0.044922 0.073242
0 0.223633 0.157715 0.216797 0.315430
0 0.229004 0.388672 0.192383 0.322266
0 0.113770 0.588379 0.028320 0.065430
0 0.347168 0.390137 0.395508 0.754883
4 0.400391 0.101074 0.119141 0.202148
0 0.280762 0.340332 0.288086 0.680664
4 0.141113 0.160645 0.073242 0.098633
4 0.145020 0.118164 0.088867 0.136719
4 0.162109 0.153320 0.105469 0.166016
4 0.186523 0.158691 0.146484 0.243164
0 0.859863 0.131836 0.041992 0.140625
0 0.893066 0.018066 0.012695 0.036133
