2 0.808105 0.499512 0.350586 0.999023
1 0.216797 0.604004 0.255859 0.790039
4 0.207031 0.138672 0.107422 0.113281
0 0.319824 0.116211 0.190430 0.232422
0 0.401855 0.339844 0.282227 0.679688
0 0.274414 0.696289 0.009766 0.023438
0 0.454590 0.338867 0.344727 0.677734
0 0.260254 0.567383 0.016602 0.039062
0 0.347656 0.414062 0.148438 0.253906
0 0.507324 0.139160 0.157227 0.278320
0 0.230469 0.348633 0.027344 0.041016
0 0.232910 0.359375 0.030273 0.041016
0 0.235352 0.380371 0.029297 0.047852
0 0.238281 0.407227 0.029297 0.048828
0 0.248047 0.422363 0.021484 0.043945
4 0.378418 0.266113 0.245117 0.387695
4 0.300781 0.304688 0.080078 0.134766
4 0.283203 0.303711 0.050781 0.082031
4 0.284668 0.288086 0.063477 0.087891
4 0.271484 0.285156 0.039062 0.060547
0 0.260254 0.062500 0.010742 0.125000
4 0.299805 0.040527 0.076172 0.081055
4 0.371582 0.232910 0.219727 0.325195
0 0.499512 0.499512 0.311523 0.999023
0 0.575195 0.499512 0.279297 0.999023
0 0.601074 0.541992 0.221680 0.914062
0 0.636719 0.499512 0.242188 0.999023
0 0.634766 0.684082 0.130859 0.629883
0 0.838379 0.499512 0.114258 0.999023
0 0.854980 0.499512 0.104492 0.999023
0 0.841797 0.707520 0.058594 0.583008
0 0.894531 0.174316 0.017578 0.159180
0 0.909180 0.041016 0.009766 0.082031
0 0.766602 0.129395 0.054688 0.192383
0 0.722168 0.286133 0.026367 0.085938
0 0.115234 0.906738 0.080078 0.184570
0 0.080566 0.778320 0.161133 0.339844
0 0.069824 0.788574 0.139648 0.299805
0 0.064453 0.689453 0.128906 0.208984
0 0.062012 0.629395 0.124023 0.241211
0 0.054688 0.616699 0.109375 0.165039
0 0.007324 0.729004 0.014648 0.024414
4 0.087402 0.608887 0.133789 0.204102
0 0.070312 0.488281 0.140625 0.240234
0 0.054688 0.459961 0.109375 0.193359
0 0.054688 0.329102 0.109375 0.166016
4 0.087402 0.607422 0.133789 0.205078
