2 0.802246 0.649902 0.213867 0.698242
3 0.400391 0.795898 0.035156 0.281250
0 0.582031 0.595703 0.380859 0.142578
0 0.192383 0.780273 0.384766 0.224609
0 0.507812 0.640625 0.234375 0.083984
0 0.192383 0.797852 0.384766 0.228516
0 0.413574 0.546387 0.827148 0.428711
0 0.411621 0.521484 0.823242 0.398438
0 0.292969 0.674316 0.585938 0.297852
0 0.330566 0.666016 0.661133 0.365234
0 0.196777 0.855469 0.393555 0.216797
0 0.420410 0.778809 0.735352 0.440430
0 0.453125 0.790527 0.669922 0.416992
0 0.515625 0.831055 0.519531 0.335938
0 0.539062 0.854004 0.443359 0.290039
0 0.569824 0.889160 0.325195 0.219727
0 0.931641 0.863770 0.134766 0.108398
0 0.931641 0.660156 0.134766 0.056641
0 0.933594 0.596680 0.130859 0.091797
0 0.867188 0.601562 0.015625 0.009766
0 0.938965 0.572266 0.120117 0.044922
0 0.940918 0.528809 0.116211 0.040039
0 0.938477 0.495117 0.121094 0.054688
0 0.881836 0.500488 0.017578 0.012695
0 0.934082 0.454590 0.129883 0.075195
0 0.882324 0.466797 0.020508 0.013672
0 0.949707 0.430176 0.098633 0.055664
0 0.957031 0.358398 0.083984 0.023438
0 0.941895 0.353516 0.053711 0.015625
0 0.923828 0.280762 0.150391 0.081055
4 0.937988 0.292969 0.122070 0.031250
4 0.919922 0.456055 0.039062 0.013672
4 0.958008 0.448242 0.082031 0.035156
4 0.946777 0.472168 0.104492 0.045898
0 0.603516 0.635254 0.410156 0.225586
0 0.405273 0.722168 0.810547 0.436523
0 0.742676 0.436523 0.127930 0.076172
0 0.750488 0.439941 0.145508 0.077148
0 0.635742 0.500000 0.050781 0.027344
