0 0.499512 0.543945 0.999023 0.382812
0 0.327637 0.845703 0.655273 0.306641
0 0.112305 0.940430 0.224609 0.117188
0 0.693848 0.088867 0.610352 0.173828
0 0.346191 0.090332 0.692383 0.127930
4 0.758789 0.161621 0.132812 0.022461
4 0.748047 0.168457 0.152344 0.024414
3 0.813965 0.316406 0.040039 0.335938
0 0.561523 0.186035 0.513672 0.096680
0 0.911621 0.260742 0.170898 0.054688
4 0.915527 0.206543 0.168945 0.055664
4 0.916016 0.196777 0.167969 0.053711
4 0.911621 0.296875 0.174805 0.054688
4 0.908203 0.353516 0.181641 0.060547
4 0.906250 0.409668 0.185547 0.065430
4 0.900391 0.509277 0.197266 0.075195
0 0.335938 0.099121 0.671875 0.120117
4 0.497559 0.464355 0.995117 0.391602
4 0.498047 0.363281 0.996094 0.384766
4 0.402832 0.227539 0.803711 0.294922
4 0.403809 0.183105 0.807617 0.278320
