2 0.537598 0.563965 0.389648 0.713867
0 0.654297 0.208496 0.107422 0.416992
0 0.513184 0.172852 0.028320 0.345703
0 0.379883 0.208496 0.042969 0.416992
0 0.616699 0.100098 0.045898 0.198242
0 0.913086 0.182129 0.169922 0.364258
0 0.923340 0.149414 0.151367 0.298828
0 0.419434 0.630859 0.018555 0.734375
0 0.336914 0.729004 0.039062 0.540039
0 0.717285 0.625977 0.135742 0.746094
0 0.763184 0.714355 0.110352 0.569336
0 0.550293 0.723145 0.036133 0.551758
0 0.865234 0.376465 0.265625 0.752930
0 0.168457 0.499512 0.249023 0.999023
4 0.202148 0.499512 0.208984 0.999023
4 0.227051 0.496582 0.190430 0.993164
4 0.433105 0.114746 0.010742 0.225586
