0 0.237305 0.836426 0.025391 0.325195
0 0.380371 0.659180 0.016602 0.677734
0 0.588867 0.827637 0.025391 0.342773
0 0.855957 0.651855 0.137695 0.692383
0 0.938477 0.813965 0.078125 0.370117
0 0.875977 0.542480 0.033203 0.116211
0 0.790039 0.228516 0.126953 0.457031
0 0.741211 0.113770 0.056641 0.227539
0 0.541992 0.237793 0.042969 0.475586
0 0.566895 0.541504 0.006836 0.075195
0 0.391113 0.136230 0.008789 0.272461
0 0.291992 0.248535 0.050781 0.495117
0 0.260254 0.573730 0.010742 0.094727
2 0.580078 0.611816 0.703125 0.774414
0 0.051270 0.208496 0.102539 0.416992
0 0.066406 0.309570 0.132812 0.619141
4 0.081543 0.408203 0.163086 0.816406
