2 0.626465 0.499512 0.122070 0.999023
2 0.852051 0.500000 0.166992 0.998047
0 0.573730 0.824707 0.014648 0.348633
0 0.584961 0.818359 0.015625 0.361328
0 0.600098 0.820312 0.018555 0.357422
0 0.558594 0.306641 0.021484 0.613281
0 0.574707 0.522949 0.008789 0.184570
0 0.587402 0.520996 0.010742 0.196289
0 0.562988 0.200195 0.016602 0.400391
0 0.579102 0.300781 0.009766 0.205078
0 0.738770 0.499512 0.124023 0.999023
0 0.926270 0.833496 0.061523 0.331055
0 0.956055 0.699219 0.085938 0.427734
0 0.938477 0.445312 0.119141 0.474609
0 0.867188 0.552246 0.044922 0.145508
0 0.946289 0.408691 0.105469 0.407227
0 0.963379 0.338379 0.069336 0.276367
0 0.970215 0.297363 0.055664 0.206055
0 0.914062 0.089355 0.052734 0.178711
0 0.893555 0.104980 0.060547 0.149414
0 0.875488 0.125000 0.030273 0.119141
0 0.875000 0.350586 0.058594 0.183594
0 0.798340 0.103516 0.059570 0.207031
0 0.771484 0.179688 0.089844 0.359375
0 0.568848 0.080078 0.010742 0.160156
0 0.790039 0.124023 0.068359 0.248047
