0 0.593262 0.340332 0.022461 0.680664
0 0.608887 0.854004 0.010742 0.290039
0 0.600586 0.188477 0.017578 0.376953
0 0.611328 0.029297 0.003906 0.058594
0 0.632324 0.546875 0.038086 0.904297
0 0.619141 0.708008 0.021484 0.582031
0 0.836426 0.499512 0.124023 0.999023
0 0.990234 0.500000 0.017578 0.072266
0 0.972168 0.424805 0.014648 0.056641
0 0.903320 0.157715 0.080078 0.315430
0 0.990234 0.208008 0.017578 0.064453
0 0.943848 0.052734 0.032227 0.105469
2 0.681641 0.499512 0.164062 0.999023
2 0.941895 0.500977 0.112305 1.001953
