0 0.869141 0.499512 0.123047 0.999023
0 0.832031 0.499512 0.109375 0.999023
0 0.821777 0.499512 0.106445 0.999023
0 0.738281 0.161133 0.039062 0.322266
0 0.782715 0.674316 0.047852 0.649414
0 0.434082 0.147461 0.020508 0.294922
0 0.450195 0.149902 0.017578 0.299805
0 0.501953 0.055176 0.003906 0.110352
0 0.460938 0.150879 0.015625 0.301758
0 0.492676 0.566895 0.016602 0.864258
0 0.435059 0.781250 0.014648 0.435547
0 0.444336 0.496582 0.005859 0.100586
0 0.450195 0.374512 0.007812 0.129883
0 0.437500 0.372559 0.007812 0.129883
0 0.424316 0.727539 0.020508 0.542969
0 0.409668 0.659668 0.028320 0.678711
0 0.738770 0.577637 0.055664 0.842773
0 0.704590 0.264648 0.012695 0.123047
0 0.701660 0.051758 0.010742 0.103516
0 0.667969 0.112305 0.017578 0.224609
0 0.686523 0.061523 0.011719 0.123047
0 0.717285 0.404785 0.014648 0.141602
0 0.690430 0.407227 0.011719 0.138672
0 0.700195 0.524902 0.007812 0.077148
0 0.740234 0.749023 0.029297 0.500000
0 0.714355 0.791016 0.020508 0.416016
2 0.472656 0.497559 0.107422 0.827148
2 0.669434 0.504883 0.192383 0.808594
