2 0.520020 0.465820 0.043945 0.929688
2 0.604980 0.503418 0.073242 0.987305
0 0.252441 0.455078 0.504883 0.380859
0 0.318359 0.492676 0.636719 0.506836
0 0.252930 0.599609 0.505859 0.425781
0 0.315430 0.696777 0.626953 0.583008
0 0.391602 0.759277 0.466797 0.475586
0 0.819824 0.163574 0.358398 0.147461
0 0.820312 0.147949 0.357422 0.143555
0 0.816406 0.300293 0.365234 0.206055
0 0.814453 0.395996 0.369141 0.245117
2 0.371094 0.284180 0.044922 0.568359
0 0.251953 0.291992 0.498047 0.316406
0 0.300293 0.204590 0.592773 0.319336
0 0.257812 0.121582 0.515625 0.241211
0 0.172363 0.084473 0.344727 0.166992
0 0.125488 0.055664 0.250977 0.111328
