2 0.243164 0.477539 0.089844 0.955078
2 0.786133 0.499512 0.173828 0.999023
0 0.931152 0.096191 0.135742 0.067383
0 0.922852 0.453125 0.152344 0.097656
0 0.919434 0.572266 0.159180 0.179688
0 0.787598 0.162109 0.063477 0.031250
0 0.493652 0.393555 0.444336 0.400391
0 0.497070 0.792480 0.410156 0.413086
0 0.651855 0.851562 0.282227 0.294922
0 0.768555 0.545410 0.072266 0.045898
0 0.101074 0.148438 0.202148 0.132812
0 0.101562 0.202637 0.203125 0.153320
0 0.113281 0.730469 0.226562 0.205078
0 0.290039 0.030273 0.093750 0.060547
0 0.315918 0.050781 0.139648 0.101562
