2 0.434082 0.499512 0.258789 0.999023
0 0.687988 0.662598 0.620117 0.125977
0 0.752441 0.655273 0.493164 0.087891
0 0.748535 0.298340 0.500977 0.168945
0 0.689941 0.210449 0.618164 0.301758
0 0.607910 0.080078 0.209961 0.160156
0 0.450684 0.066406 0.125977 0.132812
2 0.370605 0.843750 0.108398 0.310547
0 0.250977 0.425293 0.257812 0.567383
0 0.255859 0.563965 0.236328 0.401367
0 0.297852 0.686523 0.140625 0.173828
0 0.242188 0.673828 0.224609 0.195312
0 0.347656 0.738770 0.152344 0.125977
1 0.176758 0.820312 0.033203 0.044922
2 0.105957 0.824219 0.051758 0.328125
0 0.275391 0.501465 0.308594 0.432617
0 0.720703 0.757324 0.554688 0.079102
0 0.723145 0.742188 0.551758 0.076172
0 0.253418 0.330566 0.270508 0.661133
2 0.075684 0.856445 0.034180 0.199219
0 0.369629 0.183594 0.045898 0.101562
0 0.470703 0.208984 0.048828 0.085938
0 0.471191 0.417969 0.049805 0.066406
0 0.229980 0.455078 0.200195 0.396484
3 0.374023 0.936523 0.015625 0.087891
3 0.253906 0.927246 0.011719 0.106445
3 0.183594 0.925781 0.007812 0.054688
0 0.479004 0.811035 0.071289 0.045898
0 0.365234 0.823730 0.085938 0.075195
0 0.353516 0.805664 0.048828 0.037109
0 0.402344 0.802734 0.037109 0.029297
0 0.388672 0.816406 0.064453 0.041016
0 0.456543 0.840820 0.026367 0.019531
0 0.468262 0.637207 0.049805 0.047852
0 0.389648 0.529297 0.054688 0.072266
