1 0.650879 0.523926 0.268555 0.950195
0 0.397461 0.633789 0.265625 0.730469
0 0.354980 0.614258 0.327148 0.769531
0 0.448730 0.730469 0.161133 0.537109
0 0.479980 0.812500 0.098633 0.373047
0 0.716797 0.845703 0.027344 0.302734
0 0.707520 0.848633 0.034180 0.300781
0 0.344238 0.594238 0.356445 0.809570
0 0.329102 0.792480 0.166016 0.413086
0 0.696289 0.265625 0.052734 0.296875
0 0.754883 0.359863 0.009766 0.088867
0 0.738281 0.559082 0.007812 0.075195
0 0.733398 0.556641 0.009766 0.074219
0 0.359863 0.615723 0.327148 0.766602
0 0.542480 0.286621 0.102539 0.182617
0 0.508789 0.287109 0.031250 0.044922
0 0.558594 0.222168 0.042969 0.069336
3 0.481934 0.459961 0.024414 0.431641
0 0.572754 0.487793 0.030273 0.083008
