1 0.636230 0.521484 0.497070 0.955078
0 0.238770 0.500977 0.307617 0.996094
0 0.257324 0.552246 0.266602 0.893555
0 0.289551 0.566895 0.247070 0.864258
0 0.353027 0.674805 0.155273 0.648438
0 0.375977 0.645508 0.169922 0.707031
0 0.395996 0.768555 0.102539 0.460938
0 0.422852 0.836914 0.068359 0.324219
0 0.770996 0.749023 0.051758 0.500000
0 0.720703 0.837402 0.037109 0.323242
0 0.684570 0.896973 0.025391 0.204102
0 0.687988 0.896484 0.026367 0.203125
0 0.817871 0.088867 0.012695 0.177734
0 0.729980 0.498047 0.047852 0.404297
0 0.410156 0.034668 0.023438 0.069336
0 0.443359 0.033203 0.029297 0.066406
0 0.528320 0.025879 0.023438 0.051758
0 0.473145 0.236816 0.020508 0.081055
0 0.497070 0.334961 0.050781 0.187500
0 0.786621 0.075195 0.014648 0.150391
0 0.774414 0.063965 0.019531 0.125977
0 0.753906 0.479980 0.015625 0.155273
0 0.763184 0.345703 0.006836 0.070312
0 0.807617 0.233398 0.007812 0.052734
