2 0.248047 0.559082 0.378906 0.879883
0 0.229492 0.398438 0.039062 0.158203
0 0.222168 0.402832 0.030273 0.143555
0 0.203125 0.414551 0.021484 0.110352
0 0.270508 0.403320 0.048828 0.173828
0 0.272461 0.447754 0.027344 0.092773
0 0.349121 0.472168 0.038086 0.092773
0 0.297852 0.602539 0.023438 0.062500
0 0.679199 0.395020 0.639648 0.584961
0 0.318848 0.754395 0.071289 0.122070
0 0.507324 0.159180 0.168945 0.318359
0 0.382324 0.086426 0.053711 0.172852
0 0.361816 0.079590 0.047852 0.159180
0 0.304199 0.065918 0.034180 0.131836
0 0.276855 0.184570 0.026367 0.099609
0 0.338867 0.226074 0.023438 0.077148
0 0.320312 0.226074 0.009766 0.034180
0 0.263672 0.201172 0.011719 0.054688
0 0.256836 0.108887 0.041016 0.217773
0 0.292480 0.057129 0.024414 0.114258
0 0.160645 0.713867 0.030273 0.140625
0 0.151855 0.698730 0.032227 0.168945
0 0.236816 0.752441 0.040039 0.096680
0 0.203125 0.944824 0.068359 0.106445
