0 0.814453 0.751465 0.029297 0.495117
0 0.752441 0.789062 0.020508 0.419922
0 0.521973 0.840820 0.006836 0.316406
0 0.520996 0.627930 0.004883 0.083984
0 0.798340 0.451660 0.006836 0.045898
2 0.684082 0.538086 0.590820 0.705078
0 0.520508 0.210449 0.003906 0.420898
0 0.526367 0.210449 0.003906 0.420898
0 0.830566 0.710449 0.034180 0.577148
0 0.608887 0.095215 0.006836 0.188477
0 0.254395 0.500000 0.059570 0.998047
0 0.527832 0.722168 0.006836 0.553711
0 0.626465 0.860352 0.008789 0.277344
0 0.712402 0.856934 0.014648 0.282227
0 0.705078 0.638672 0.007812 0.046875
0 0.699219 0.520020 0.009766 0.088867
0 0.733398 0.366699 0.005859 0.079102
0 0.723145 0.152832 0.016602 0.305664
0 0.792969 0.349609 0.009766 0.105469
0 0.811035 0.358398 0.006836 0.085938
0 0.797852 0.137695 0.019531 0.275391
0 0.779297 0.141113 0.019531 0.282227
0 0.687012 0.155762 0.014648 0.311523
0 0.740723 0.519043 0.006836 0.090820
0 0.619141 0.532715 0.005859 0.172852
0 0.520996 0.505859 0.004883 0.126953
0 0.057129 0.499512 0.096680 0.999023
0 0.045410 0.445801 0.090820 0.891602
