2 0.580078 0.556641 0.568359 0.671875
0 0.027344 0.262207 0.054688 0.524414
0 0.026367 0.236816 0.052734 0.473633
0 0.205566 0.499512 0.069336 0.999023
0 0.437988 0.860840 0.004883 0.276367
0 0.452148 0.860840 0.003906 0.274414
0 0.462402 0.860352 0.002930 0.277344
0 0.495117 0.858398 0.001953 0.281250
0 0.589844 0.847168 0.007812 0.303711
0 0.651855 0.861328 0.008789 0.275391
0 0.678223 0.857910 0.010742 0.282227
0 0.700195 0.854004 0.011719 0.290039
0 0.718262 0.850586 0.012695 0.296875
0 0.711426 0.652832 0.004883 0.034180
0 0.693359 0.655273 0.001953 0.025391
0 0.672363 0.656738 0.002930 0.024414
0 0.645996 0.654297 0.002930 0.033203
0 0.586914 0.637207 0.003906 0.073242
0 0.494629 0.654785 0.000977 0.045898
0 0.463379 0.660156 0.002930 0.039062
0 0.453613 0.659668 0.002930 0.040039
0 0.439453 0.661133 0.003906 0.039062
0 0.708008 0.552246 0.005859 0.051758
0 0.689453 0.549316 0.003906 0.057617
0 0.694824 0.212402 0.020508 0.424805
0 0.684082 0.386230 0.004883 0.079102
0 0.663086 0.377930 0.005859 0.097656
0 0.638672 0.384766 0.003906 0.087891
0 0.676270 0.153320 0.012695 0.306641
0 0.656250 0.157227 0.011719 0.314453
0 0.633301 0.162109 0.010742 0.324219
0 0.495605 0.111328 0.002930 0.222656
0 0.440430 0.558105 0.003906 0.049805
0 0.454590 0.557129 0.002930 0.051758
0 0.464844 0.554199 0.001953 0.055664
0 0.494629 0.547363 0.000977 0.069336
0 0.585449 0.548828 0.002930 0.060547
0 0.643555 0.536621 0.003906 0.083008
0 0.668945 0.543945 0.003906 0.066406
0 0.468750 0.220703 0.005859 0.441406
0 0.458984 0.220703 0.007812 0.441406
0 0.445312 0.221680 0.009766 0.443359
1 0.961426 0.846191 0.075195 0.305664
