2 0.316406 0.331055 0.353516 0.662109
0 0.015137 0.024902 0.030273 0.049805
0 0.048340 0.078613 0.096680 0.157227
0 0.270996 0.040039 0.045898 0.080078
0 0.327148 0.064453 0.072266 0.128906
0 0.376465 0.083496 0.088867 0.166992
0 0.562988 0.202637 0.188477 0.405273
0 0.511230 0.175293 0.168945 0.350586
0 0.464355 0.151855 0.151367 0.303711
0 0.319824 0.193848 0.012695 0.024414
0 0.404785 0.123535 0.127930 0.247070
0 0.450195 0.446777 0.021484 0.041992
0 0.456543 0.532715 0.006836 0.012695
0 0.582520 0.252930 0.229492 0.505859
0 0.936035 0.798340 0.125977 0.401367
0 0.901855 0.666504 0.194336 0.584961
0 0.914062 0.727539 0.169922 0.523438
0 0.335938 0.811035 0.162109 0.375977
0 0.302734 0.779785 0.191406 0.436523
0 0.252930 0.734863 0.236328 0.526367
0 0.199707 0.709473 0.264648 0.579102
0 0.087891 0.285645 0.175781 0.338867
0 0.104980 0.335449 0.209961 0.372070
0 0.143555 0.663086 0.287109 0.611328
0 0.136230 0.578125 0.272461 0.572266
0 0.124512 0.509766 0.249023 0.501953
0 0.117676 0.481445 0.235352 0.486328
1 0.772949 0.929688 0.129883 0.138672
0 0.996094 0.987793 0.005859 0.022461
0 0.985352 0.953125 0.027344 0.091797
