2 0.301270 0.312500 0.594727 0.505859
0 0.014160 0.513184 0.024414 0.420898
0 0.144043 0.694336 0.018555 0.609375
0 0.185547 0.695801 0.015625 0.606445
0 0.274414 0.725586 0.013672 0.546875
0 0.298340 0.724609 0.008789 0.548828
0 0.251953 0.723145 0.011719 0.549805
0 0.354004 0.718750 0.008789 0.560547
0 0.491211 0.724609 0.003906 0.548828
0 0.480957 0.725586 0.004883 0.546875
0 0.465820 0.725098 0.005859 0.547852
0 0.494629 0.121582 0.004883 0.243164
0 0.484863 0.122070 0.004883 0.244141
0 0.470215 0.122070 0.006836 0.244141
0 0.364258 0.043945 0.003906 0.087891
0 0.311523 0.088379 0.005859 0.176758
0 0.267090 0.081543 0.006836 0.163086
0 0.201172 0.094727 0.011719 0.189453
0 0.163086 0.030762 0.003906 0.061523
0 0.034668 0.139648 0.016602 0.279297
1 0.921875 0.519531 0.154297 0.335938
