2 0.409668 0.464844 0.192383 0.929688
0 0.739258 0.285156 0.519531 0.300781
0 0.744141 0.147949 0.509766 0.272461
0 0.478027 0.221680 0.014648 0.013672
0 0.750488 0.378906 0.497070 0.291016
0 0.747070 0.455566 0.503906 0.293945
0 0.750977 0.568848 0.496094 0.295898
0 0.743164 0.699219 0.511719 0.310547
0 0.731934 0.791992 0.534180 0.330078
0 0.416992 0.726074 0.015625 0.014648
0 0.395508 0.800293 0.027344 0.018555
0 0.444824 0.829590 0.036133 0.026367
0 0.667480 0.880859 0.379883 0.236328
0 0.601562 0.927246 0.228516 0.143555
0 0.410156 0.504883 0.025391 0.015625
0 0.395020 0.584473 0.020508 0.018555
0 0.352539 0.689941 0.050781 0.032227
0 0.181152 0.674805 0.362305 0.214844
0 0.177246 0.378906 0.354492 0.193359
0 0.191406 0.260254 0.382812 0.202148
0 0.183105 0.142090 0.366211 0.186523
0 0.388672 0.247070 0.021484 0.017578
0 0.158203 0.578613 0.316406 0.184570
0 0.168457 0.459473 0.336914 0.190430
0 0.178223 0.086426 0.327148 0.172852
0 0.196777 0.086426 0.356445 0.172852
0 0.448730 0.281738 0.041992 0.028320
0 0.323730 0.044922 0.153320 0.089844
0 0.855469 0.079102 0.287109 0.158203
0 0.951172 0.024414 0.095703 0.048828
