2 0.515137 0.512695 0.122070 0.925781
0 0.256836 0.696777 0.513672 0.057617
0 0.256836 0.623535 0.513672 0.055664
0 0.254395 0.503906 0.508789 0.054688
0 0.254883 0.404785 0.509766 0.051758
0 0.230957 0.353516 0.461914 0.035156
0 0.252930 0.339844 0.505859 0.054688
0 0.253418 0.233887 0.506836 0.006836
0 0.227051 0.156250 0.454102 0.035156
0 0.256348 0.817871 0.512695 0.057617
0 0.256348 0.900391 0.512695 0.056641
0 0.787598 0.126465 0.422852 0.014648
0 0.763184 0.233887 0.471680 0.006836
0 0.768555 0.309570 0.460938 0.013672
0 0.771973 0.371582 0.454102 0.012695
0 0.768066 0.469727 0.461914 0.019531
0 0.770020 0.587402 0.458008 0.022461
0 0.771973 0.659180 0.454102 0.025391
0 0.767578 0.776855 0.462891 0.028320
0 0.770508 0.857422 0.457031 0.031250
