2 0.634766 0.459473 0.160156 0.891602
0 0.286133 0.912109 0.550781 0.173828
0 0.287109 0.835938 0.574219 0.183594
0 0.599121 0.813477 0.028320 0.013672
0 0.640137 0.801758 0.012695 0.007812
0 0.295410 0.722168 0.590820 0.184570
0 0.289551 0.632324 0.579102 0.176758
0 0.284180 0.519043 0.568359 0.168945
0 0.292480 0.442383 0.584961 0.167969
0 0.290039 0.380371 0.580078 0.151367
0 0.288574 0.359375 0.577148 0.167969
0 0.297852 0.234375 0.595703 0.103516
0 0.639160 0.175781 0.026367 0.005859
0 0.293457 0.184570 0.586914 0.148438
0 0.850098 0.053711 0.297852 0.062500
0 0.829590 0.139648 0.338867 0.066406
0 0.838379 0.222656 0.321289 0.068359
0 0.848145 0.294434 0.301758 0.067383
0 0.833008 0.374512 0.332031 0.077148
0 0.831543 0.749512 0.334961 0.094727
0 0.855469 0.668457 0.287109 0.079102
0 0.848633 0.563965 0.300781 0.079102
0 0.842285 0.483398 0.313477 0.078125
0 0.679199 0.714844 0.047852 0.017578
0 0.599609 0.271973 0.015625 0.008789
0 0.107422 0.013672 0.214844 0.027344
