2 0.564453 0.519043 0.136719 0.948242
0 0.815918 0.199707 0.366211 0.102539
0 0.788574 0.301758 0.420898 0.128906
0 0.787598 0.383789 0.422852 0.128906
0 0.787109 0.454590 0.423828 0.127930
0 0.783203 0.550781 0.431641 0.130859
0 0.779785 0.672852 0.438477 0.132812
0 0.778809 0.754883 0.440430 0.136719
0 0.774414 0.874512 0.449219 0.137695
0 0.732910 0.942871 0.375977 0.112305
0 0.259766 0.815430 0.519531 0.136719
0 0.264160 0.735840 0.528320 0.135742
0 0.266113 0.618164 0.532227 0.132812
0 0.269531 0.538086 0.539062 0.130859
0 0.271973 0.419434 0.543945 0.127930
0 0.255371 0.320312 0.510742 0.119141
0 0.255371 0.252441 0.510742 0.118164
0 0.282715 0.145020 0.561523 0.182617
0 0.255371 0.062988 0.506836 0.118164
0 0.803223 0.059082 0.391602 0.116211
0 0.953125 0.012207 0.089844 0.024414
