2 0.473145 0.499512 0.733398 0.999023
0 0.370605 0.689453 0.016602 0.093750
0 0.334473 0.422363 0.022461 0.131836
0 0.452148 0.321777 0.037109 0.233398
0 0.490234 0.578125 0.029297 0.191406
0 0.399414 0.908203 0.029297 0.181641
0 0.624023 0.549316 0.025391 0.120117
0 0.565430 0.235352 0.054688 0.291016
0 0.624512 0.243652 0.045898 0.225586
0 0.754395 0.229492 0.030273 0.142578
0 0.716797 0.259277 0.027344 0.114258
0 0.956055 0.187500 0.085938 0.375000
0 0.408203 0.037109 0.013672 0.074219
0 0.285156 0.061035 0.019531 0.122070
0 0.550781 0.966797 0.009766 0.064453
0 0.679688 0.859375 0.050781 0.279297
0 0.735352 0.834473 0.062500 0.329102
0 0.817871 0.783691 0.086914 0.430664
0 0.849121 0.690918 0.127930 0.616211
0 0.684082 0.549316 0.014648 0.065430
0 0.761230 0.491699 0.026367 0.122070
