2 0.502930 0.499512 0.609375 0.999023
0 0.400391 0.636230 0.013672 0.073242
0 0.490723 0.551270 0.022461 0.143555
0 0.593750 0.531250 0.019531 0.091797
0 0.639160 0.530762 0.012695 0.049805
0 0.593750 0.296875 0.035156 0.169922
0 0.548340 0.291016 0.041992 0.222656
0 0.461426 0.355957 0.028320 0.178711
0 0.373047 0.433594 0.017578 0.099609
0 0.327637 0.101562 0.030273 0.203125
0 0.791016 0.005371 0.003906 0.010742
0 0.898438 0.478027 0.201172 0.881836
0 0.777832 0.701172 0.124023 0.595703
0 0.698242 0.486816 0.019531 0.092773
0 0.752930 0.772461 0.089844 0.453125
0 0.690430 0.811035 0.070312 0.375977
0 0.646484 0.830078 0.060547 0.337891
0 0.430664 0.867676 0.039062 0.262695
0 0.663574 0.309082 0.020508 0.088867
0 0.692383 0.285645 0.023438 0.108398
0 0.641113 0.032715 0.014648 0.065430
0 0.606934 0.041016 0.020508 0.082031
0 0.546387 0.056152 0.024414 0.112305
0 0.420898 0.088867 0.025391 0.156250
0 0.547363 0.913086 0.026367 0.171875
