1 0.493164 0.499512 0.259766 0.999023
0 0.778809 0.419922 0.440430 0.404297
0 0.771484 0.316895 0.455078 0.401367
0 0.764160 0.183105 0.438477 0.366211
0 0.723145 0.148438 0.358398 0.296875
0 0.647461 0.085449 0.218750 0.170898
0 0.614258 0.069336 0.152344 0.138672
0 0.636230 0.080566 0.198242 0.161133
0 0.576172 0.043457 0.097656 0.086914
0 0.556152 0.033691 0.075195 0.067383
0 0.525391 0.016602 0.046875 0.033203
0 0.215332 0.679688 0.430664 0.414062
0 0.215820 0.591797 0.431641 0.412109
0 0.212402 0.443359 0.424805 0.373047
0 0.210449 0.429688 0.420898 0.375000
0 0.210449 0.334961 0.420898 0.367188
0 0.207520 0.281738 0.415039 0.374023
0 0.204590 0.205566 0.409180 0.342773
0 0.210449 0.369141 0.420898 0.373047
0 0.212402 0.455078 0.424805 0.392578
0 0.277344 0.901855 0.193359 0.194336
0 0.210449 0.844238 0.315430 0.309570
