1 0.490234 0.517090 0.257812 0.963867
0 0.778320 0.511719 0.441406 0.408203
0 0.770996 0.407715 0.456055 0.405273
0 0.771484 0.267090 0.455078 0.381836
0 0.770508 0.200195 0.457031 0.380859
0 0.706055 0.132812 0.339844 0.265625
0 0.692871 0.127930 0.315430 0.255859
0 0.666016 0.116699 0.257812 0.233398
0 0.628418 0.092285 0.204102 0.184570
0 0.609375 0.082031 0.185547 0.164062
0 0.589844 0.064941 0.179688 0.129883
0 0.527344 0.042969 0.117188 0.085938
0 0.204590 0.300293 0.409180 0.338867
0 0.205566 0.376465 0.411133 0.368164
0 0.209961 0.429688 0.419922 0.365234
0 0.209961 0.463379 0.419922 0.370117
0 0.323242 0.949707 0.097656 0.098633
0 0.256836 0.891602 0.218750 0.214844
0 0.214355 0.771973 0.428711 0.413086
0 0.382324 0.766602 0.028320 0.029297
0 0.215332 0.685059 0.430664 0.411133
0 0.211426 0.535645 0.422852 0.370117
0 0.211914 0.547363 0.423828 0.391602
0 0.209961 0.522949 0.419922 0.372070
