1 0.072754 0.687500 0.145508 0.623047
2 0.641113 0.579590 0.260742 0.838867
0 0.106934 0.301758 0.014648 0.603516
0 0.098145 0.831543 0.002930 0.208008
0 0.028809 0.582031 0.004883 0.107422
0 0.053711 0.187988 0.027344 0.375977
0 0.005859 0.058105 0.011719 0.116211
0 0.024414 0.725586 0.003906 0.058594
0 0.018066 0.914551 0.006836 0.168945
0 0.646973 0.971191 0.014648 0.055664
0 0.685547 0.975586 0.013672 0.046875
0 0.697754 0.824707 0.006836 0.022461
0 0.723633 0.919434 0.046875 0.159180
0 0.708984 0.540039 0.007812 0.021484
0 0.711426 0.531250 0.004883 0.013672
0 0.791016 0.780762 0.146484 0.436523
0 0.796875 0.779297 0.152344 0.439453
0 0.833008 0.725586 0.199219 0.546875
0 0.724121 0.428223 0.010742 0.026367
0 0.693848 0.479004 0.010742 0.030273
0 0.689453 0.485352 0.005859 0.013672
0 0.855469 0.638184 0.287109 0.666992
0 0.863281 0.585938 0.271484 0.599609
0 0.742676 0.290039 0.012695 0.029297
0 0.745117 0.281250 0.009766 0.019531
0 0.876465 0.620605 0.245117 0.612305
0 0.879883 0.563965 0.238281 0.559570
0 0.878418 0.571289 0.241211 0.521484
0 0.670410 0.083496 0.077148 0.166992
0 0.655273 0.082520 0.074219 0.165039
0 0.645508 0.083008 0.078125 0.166016
0 0.639648 0.083984 0.074219 0.167969
0 0.622070 0.087402 0.072266 0.174805
0 0.587402 0.094238 0.077148 0.188477
0 0.562988 0.105957 0.077148 0.211914
0 0.550781 0.111328 0.082031 0.222656
0 0.510742 0.182129 0.113281 0.364258
0 0.492188 0.250000 0.138672 0.500000
0 0.579590 0.403809 0.010742 0.036133
0 0.479980 0.303223 0.155273 0.606445
0 0.571777 0.533203 0.006836 0.025391
0 0.601562 0.484863 0.011719 0.041992
