1 0.425293 0.550781 0.233398 0.896484
0 0.513672 0.594727 0.011719 0.097656
0 0.522461 0.632324 0.011719 0.090820
0 0.499512 0.562500 0.008789 0.056641
0 0.569824 0.284180 0.079102 0.568359
0 0.565918 0.225098 0.067383 0.450195
0 0.525879 0.492188 0.006836 0.042969
0 0.512695 0.456543 0.011719 0.086914
0 0.526367 0.353516 0.009766 0.064453
0 0.558594 0.150391 0.050781 0.300781
0 0.465820 0.279785 0.005859 0.030273
0 0.506836 0.070801 0.031250 0.141602
0 0.481445 0.062012 0.031250 0.124023
0 0.452637 0.057129 0.032227 0.114258
0 0.407227 0.053223 0.035156 0.106445
0 0.393066 0.055176 0.036133 0.110352
0 0.067383 0.117676 0.134766 0.235352
0 0.012207 0.018066 0.024414 0.036133
0 0.750000 0.499512 0.007812 0.999023
0 0.717285 0.499512 0.012695 0.999023
0 0.713867 0.499512 0.015625 0.999023
0 0.349609 0.927246 0.027344 0.143555
0 0.314453 0.771973 0.093750 0.454102
0 0.283691 0.714844 0.127930 0.568359
0 0.241211 0.640625 0.183594 0.716797
0 0.224121 0.672852 0.174805 0.652344
