1 0.353027 0.534180 0.208008 0.929688
1 0.361816 0.243164 0.053711 0.486328
0 0.674805 0.006836 0.648438 0.011719
0 0.167480 0.020508 0.334961 0.039062
0 0.337891 0.137207 0.015625 0.000977
0 0.344727 0.229980 0.015625 0.002930
0 0.357910 0.382324 0.012695 0.002930
0 0.364746 0.465820 0.012695 0.001953
0 0.681152 0.502930 0.635742 0.009766
0 0.693359 0.465332 0.611328 0.004883
0 0.713379 0.728516 0.571289 0.025391
0 0.696289 0.612305 0.605469 0.017578
0 0.684082 0.238281 0.629883 0.017578
0 0.685059 0.260254 0.627930 0.012695
0 0.680176 0.136230 0.637695 0.004883
0 0.689941 0.385254 0.618164 0.006836
0 0.148926 0.780273 0.297852 0.060547
0 0.150879 0.653320 0.301758 0.060547
0 0.145996 0.539062 0.291992 0.050781
0 0.142578 0.493164 0.285156 0.054688
0 0.137695 0.412598 0.275391 0.047852
0 0.129395 0.288574 0.258789 0.036133
0 0.126953 0.256836 0.253906 0.041016
0 0.129395 0.156250 0.258789 0.031250
