1 0.398438 0.499512 0.189453 0.999023
0 0.728027 0.715332 0.541992 0.081055
0 0.713379 0.601562 0.571289 0.072266
0 0.700684 0.491699 0.596680 0.063477
0 0.699219 0.458008 0.599609 0.056641
0 0.696289 0.376953 0.605469 0.046875
0 0.692871 0.257812 0.612305 0.060547
0 0.691406 0.233398 0.615234 0.033203
0 0.688477 0.133789 0.621094 0.048828
0 0.578125 0.009277 0.458984 0.018555
0 0.166992 0.048340 0.333984 0.059570
0 0.152832 0.195312 0.305664 0.058594
0 0.154297 0.294922 0.308594 0.074219
0 0.155762 0.332520 0.311523 0.067383
0 0.162598 0.451660 0.325195 0.083008
0 0.167480 0.541016 0.334961 0.093750
0 0.169434 0.578613 0.338867 0.088867
0 0.165527 0.829590 0.331055 0.100586
0 0.169922 0.701660 0.339844 0.100586
