1 0.074707 0.302734 0.149414 0.605469
2 0.419434 0.495605 0.241211 0.981445
0 0.370605 0.839844 0.008789 0.019531
0 0.336426 0.926758 0.057617 0.144531
0 0.482422 0.429688 0.011719 0.025391
0 0.487793 0.541016 0.004883 0.015625
0 0.475586 0.286621 0.017578 0.040039
0 0.563965 0.129883 0.149414 0.259766
0 0.461426 0.248535 0.028320 0.047852
0 0.546875 0.104980 0.125000 0.209961
0 0.510742 0.053711 0.072266 0.107422
0 0.486816 0.041992 0.055664 0.083984
0 0.433594 0.019531 0.031250 0.039062
0 0.377930 0.007812 0.013672 0.015625
0 0.205078 0.266113 0.207031 0.321289
0 0.221680 0.334473 0.199219 0.336914
0 0.346191 0.299805 0.014648 0.021484
0 0.344238 0.288086 0.008789 0.015625
0 0.359375 0.418457 0.007812 0.014648
0 0.210938 0.714844 0.281250 0.568359
0 0.168457 0.630859 0.336914 0.634766
0 0.166504 0.610352 0.333008 0.605469
0 0.258789 0.763184 0.214844 0.471680
0 0.294922 0.877441 0.101562 0.243164
0 0.618164 0.262695 0.246094 0.525391
0 0.596191 0.204590 0.208008 0.409180
0 0.779785 0.499512 0.264648 0.999023
0 0.747070 0.499512 0.283203 0.999023
0 0.736328 0.499512 0.291016 0.999023
0 0.053711 0.619629 0.107422 0.184570
0 0.042969 0.516602 0.085938 0.134766
0 0.091797 0.054199 0.109375 0.108398
0 0.025391 0.120605 0.015625 0.022461
