2 0.247559 0.290039 0.118164 0.580078
1 0.536621 0.556641 0.217773 0.884766
0 0.375488 0.903320 0.139648 0.191406
0 0.423340 0.953613 0.063477 0.090820
0 0.335938 0.798828 0.310547 0.400391
0 0.290527 0.761230 0.391602 0.475586
0 0.241699 0.684570 0.483398 0.554688
0 0.239746 0.651855 0.479492 0.526367
0 0.138184 0.625488 0.276367 0.290039
0 0.132812 0.530762 0.265625 0.254883
0 0.803223 0.446289 0.391602 0.484375
0 0.806641 0.353516 0.384766 0.441406
0 0.812012 0.235840 0.374023 0.387695
0 0.812012 0.197266 0.374023 0.380859
0 0.780762 0.140137 0.305664 0.280273
0 0.747070 0.122070 0.265625 0.244141
0 0.700195 0.091797 0.230469 0.183594
0 0.633301 0.071289 0.180664 0.142578
0 0.343262 0.051758 0.170898 0.103516
0 0.207520 0.023438 0.010742 0.007812
0 0.099121 0.099609 0.198242 0.144531
0 0.044434 0.029297 0.088867 0.058594
0 0.113770 0.216309 0.227539 0.180664
0 0.387207 0.363770 0.188477 0.202148
0 0.378418 0.294922 0.194336 0.187500
0 0.878418 0.780762 0.241211 0.436523
0 0.888672 0.794922 0.220703 0.408203
0 0.914062 0.834961 0.169922 0.328125
