1 0.543457 0.497559 0.295898 0.995117
0 0.289551 0.324219 0.291992 0.648438
0 0.436035 0.588867 0.010742 0.025391
0 0.449707 0.533203 0.018555 0.041016
0 0.484863 0.029297 0.034180 0.058594
0 0.431152 0.059082 0.063477 0.118164
0 0.391602 0.089844 0.091797 0.179688
0 0.302734 0.215820 0.203125 0.431641
0 0.294434 0.279785 0.256836 0.559570
0 0.422852 0.470703 0.017578 0.039062
0 0.089355 0.749023 0.178711 0.500000
0 0.120605 0.673340 0.241211 0.651367
0 0.124023 0.665039 0.248047 0.667969
0 0.568359 0.959961 0.033203 0.078125
0 0.587402 0.943848 0.047852 0.110352
0 0.618164 0.921875 0.068359 0.154297
0 0.717773 0.770020 0.214844 0.458008
0 0.763184 0.712891 0.272461 0.572266
0 0.809570 0.653320 0.337891 0.691406
0 0.829590 0.476562 0.338867 0.667969
0 0.836426 0.428711 0.325195 0.613281
2 0.932129 0.170410 0.133789 0.340820
