1 0.535156 0.462402 0.359375 0.924805
0 0.649414 0.876953 0.107422 0.244141
0 0.613770 0.902344 0.084961 0.193359
0 0.591797 0.920898 0.068359 0.156250
0 0.778809 0.702637 0.274414 0.592773
0 0.827148 0.594727 0.343750 0.742188
0 0.836426 0.418945 0.325195 0.691406
0 0.884277 0.236816 0.229492 0.473633
0 0.900391 0.195312 0.197266 0.390625
0 0.297852 0.253906 0.232422 0.507812
0 0.302734 0.198730 0.185547 0.397461
0 0.393555 0.288086 0.021484 0.048828
0 0.428223 0.368652 0.022461 0.051758
0 0.312988 0.118652 0.112305 0.237305
0 0.656250 0.104492 0.029297 0.076172
0 0.061035 0.840332 0.122070 0.317383
0 0.100098 0.745605 0.200195 0.506836
0 0.104980 0.734375 0.209961 0.529297
