1 0.556152 0.499512 0.461914 0.999023
0 0.832031 0.690430 0.285156 0.617188
0 0.854004 0.455078 0.290039 0.626953
0 0.879395 0.253418 0.239258 0.506836
0 0.967773 0.064453 0.062500 0.128906
0 0.990723 0.016602 0.016602 0.033203
0 0.661621 0.921875 0.069336 0.154297
0 0.615234 0.955566 0.039062 0.086914
0 0.585938 0.980469 0.017578 0.037109
0 0.357910 0.225098 0.030273 0.067383
0 0.289062 0.078613 0.074219 0.157227
0 0.274414 0.185059 0.171875 0.370117
0 0.260254 0.238770 0.223633 0.477539
0 0.383301 0.419922 0.018555 0.041016
0 0.404785 0.331543 0.030273 0.069336
0 0.016602 0.957520 0.033203 0.083008
0 0.022461 0.942383 0.044922 0.113281
