1 0.547363 0.498047 0.290039 0.996094
0 0.577637 0.953125 0.040039 0.091797
0 0.601074 0.934570 0.055664 0.128906
0 0.640137 0.913086 0.077148 0.171875
0 0.735352 0.732910 0.255859 0.532227
0 0.769531 0.705078 0.283203 0.587891
0 0.818359 0.642578 0.355469 0.712891
0 0.832031 0.439941 0.333984 0.647461
0 0.839844 0.378906 0.318359 0.585938
0 0.092773 0.735352 0.185547 0.527344
0 0.125000 0.658691 0.250000 0.680664
0 0.126953 0.652832 0.253906 0.692383
0 0.295410 0.313477 0.286133 0.626953
0 0.440430 0.560059 0.011719 0.026367
0 0.302734 0.264648 0.246094 0.529297
0 0.428223 0.428711 0.018555 0.041016
0 0.315430 0.194336 0.187500 0.388672
0 0.408203 0.065918 0.070312 0.131836
0 0.431641 0.048828 0.052734 0.097656
0 0.486328 0.014648 0.017578 0.029297
2 0.931152 0.178711 0.135742 0.357422
