1 0.553223 0.545410 0.284180 0.907227
2 0.930176 0.363770 0.137695 0.461914
0 0.830078 0.590332 0.337891 0.594727
0 0.837402 0.510742 0.323242 0.533203
0 0.784180 0.732910 0.283203 0.532227
0 0.729980 0.797363 0.209961 0.403320
0 0.264160 0.399902 0.366211 0.799805
0 0.451172 0.715332 0.013672 0.030273
0 0.273926 0.342773 0.327148 0.685547
0 0.442871 0.565430 0.020508 0.044922
0 0.475586 0.638672 0.017578 0.039062
0 0.291016 0.263672 0.267578 0.527344
0 0.371094 0.144531 0.166016 0.289062
0 0.378906 0.139160 0.160156 0.278320
0 0.421387 0.107910 0.133789 0.215820
0 0.509766 0.070801 0.097656 0.141602
0 0.554199 0.060547 0.084961 0.121094
0 0.061523 0.799316 0.123047 0.399414
0 0.094238 0.721191 0.184570 0.555664
