1 0.605469 0.570312 0.238281 0.857422
2 0.073730 0.756348 0.147461 0.485352
0 0.006836 0.473145 0.013672 0.127930
0 0.026367 0.331055 0.052734 0.378906
0 0.073730 0.679688 0.022461 0.152344
0 0.035645 0.736328 0.016602 0.101562
0 0.109863 0.934082 0.022461 0.129883
0 0.717773 0.911133 0.076172 0.175781
0 0.679199 0.953613 0.038086 0.090820
0 0.748535 0.808105 0.178711 0.381836
0 0.673828 0.509766 0.007812 0.015625
0 0.803223 0.762207 0.241211 0.473633
0 0.685059 0.399414 0.010742 0.017578
0 0.835938 0.702148 0.326172 0.593750
0 0.847168 0.697266 0.303711 0.562500
0 0.849609 0.636719 0.298828 0.484375
0 0.699707 0.265137 0.012695 0.018555
0 0.836914 0.554199 0.324219 0.502930
0 0.839355 0.526367 0.319336 0.488281
0 0.855469 0.524414 0.287109 0.484375
0 0.406738 0.308594 0.268555 0.617188
0 0.423340 0.256348 0.241211 0.512695
0 0.449219 0.189453 0.197266 0.378906
0 0.471680 0.150391 0.167969 0.300781
0 0.506348 0.110840 0.129883 0.221680
0 0.522949 0.101562 0.120117 0.203125
0 0.541504 0.091797 0.114258 0.183594
0 0.555664 0.087402 0.111328 0.174805
0 0.571777 0.082031 0.116211 0.164062
0 0.610352 0.076172 0.107422 0.152344
0 0.858398 0.456055 0.281250 0.443359
0 0.062988 0.933594 0.020508 0.130859
