2 0.466309 0.499512 0.551758 0.999023
3 0.582520 0.593262 0.024414 0.553711
3 0.857422 0.588867 0.041016 0.462891
3 0.165039 0.387695 0.011719 0.380859
0 0.668945 0.670410 0.660156 0.649414
0 0.813965 0.447754 0.370117 0.264648
0 0.162109 0.323730 0.324219 0.047852
0 0.407227 0.307129 0.099609 0.012695
0 0.558594 0.313477 0.113281 0.007812
0 0.796875 0.504395 0.402344 0.213867
0 0.721680 0.419922 0.255859 0.134766
0 0.823242 0.296875 0.351562 0.068359
0 0.720703 0.354980 0.263672 0.067383
0 0.763184 0.390137 0.170898 0.081055
0 0.929688 0.458496 0.138672 0.055664
0 0.929688 0.493164 0.138672 0.033203
0 0.955078 0.530273 0.087891 0.039062
0 0.937988 0.404785 0.122070 0.030273
0 0.839355 0.227051 0.319336 0.053711
0 0.790527 0.589844 0.416992 0.265625
4 0.132324 0.149902 0.233398 0.133789
4 0.243652 0.288574 0.159180 0.102539
4 0.235840 0.257324 0.143555 0.088867
4 0.087402 0.174805 0.145508 0.128906
3 0.016113 0.175293 0.008789 0.196289
4 0.086914 0.152344 0.144531 0.125000
