2 0.104004 0.701172 0.208008 0.595703
0 0.559082 0.331543 0.879883 0.270508
0 0.568848 0.286133 0.860352 0.300781
0 0.546387 0.261719 0.905273 0.314453
0 0.036133 0.459473 0.072266 0.069336
0 0.061523 0.484375 0.078125 0.052734
0 0.071777 0.494141 0.057617 0.039062
0 0.583008 0.679688 0.832031 0.093750
0 0.520020 0.703125 0.958008 0.140625
0 0.328125 0.916504 0.337891 0.165039
0 0.128906 0.930664 0.185547 0.136719
0 0.585938 0.824219 0.826172 0.029297
0 0.356445 0.965332 0.308594 0.067383
4 0.553223 0.927246 0.891602 0.131836
3 0.249512 0.954590 0.014648 0.088867
0 0.292969 0.966797 0.185547 0.064453
4 0.592773 0.777832 0.810547 0.012695
