2 0.108398 0.633301 0.216797 0.731445
0 0.504395 0.142578 0.821289 0.285156
0 0.037109 0.328125 0.074219 0.070312
0 0.558105 0.194336 0.881836 0.275391
0 0.567383 0.149902 0.853516 0.299805
0 0.063477 0.348145 0.078125 0.055664
0 0.075684 0.357422 0.059570 0.039062
0 0.507324 0.843262 0.665039 0.307617
0 0.523926 0.566406 0.948242 0.140625
0 0.023438 0.513672 0.046875 0.031250
0 0.264160 0.858887 0.409180 0.278320
0 0.241699 0.942871 0.127930 0.112305
0 0.597168 0.965332 0.120117 0.067383
0 0.661621 0.938965 0.239258 0.120117
0 0.080566 0.967773 0.049805 0.062500
0 0.591309 0.681152 0.815430 0.032227
4 0.595215 0.637207 0.788086 0.020508
0 0.583984 0.541992 0.826172 0.097656
4 0.758301 0.882812 0.481445 0.076172
3 0.531250 0.937500 0.013672 0.123047
3 0.260742 0.852051 0.015625 0.182617
4 0.563965 0.782715 0.872070 0.125977
