1 0.520996 0.499512 0.286133 0.999023
0 0.417480 0.539062 0.471680 0.919922
0 0.194824 0.617188 0.389648 0.566406
0 0.191406 0.707031 0.380859 0.425781
0 0.233887 0.558594 0.465820 0.468750
0 0.233887 0.603516 0.467773 0.486328
0 0.191406 0.237305 0.382812 0.341797
0 0.120605 0.052734 0.239258 0.105469
0 0.559082 0.669434 0.192383 0.649414
0 0.610840 0.803223 0.084961 0.383789
4 0.730469 0.073730 0.140625 0.043945
4 0.739746 0.192383 0.161133 0.304688
0 0.708496 0.479004 0.094727 0.233398
1 0.816895 0.031738 0.038086 0.061523
