2 0.416504 0.401367 0.213867 0.802734
0 0.498047 0.345703 0.996094 0.251953
0 0.156250 0.081543 0.312500 0.040039
0 0.156250 0.056152 0.310547 0.047852
0 0.178223 0.024414 0.264648 0.048828
0 0.762207 0.137207 0.473633 0.274414
0 0.765137 0.093750 0.432617 0.187500
0 0.977539 0.012695 0.025391 0.025391
0 0.947266 0.029297 0.103516 0.058594
0 0.895020 0.045410 0.194336 0.090820
0 0.756836 0.134766 0.466797 0.140625
0 0.535645 0.256836 0.434570 0.306641
0 0.631836 0.259766 0.433594 0.341797
0 0.736328 0.267090 0.429688 0.377930
