1 0.055664 0.381836 0.111328 0.761719
3 0.310059 0.457031 0.055664 0.820312
2 0.136230 0.478516 0.012695 0.212891
2 0.113281 0.479980 0.009766 0.215820
2 0.101074 0.471191 0.022461 0.118164
0 0.657715 0.179688 0.680664 0.183594
0 0.628418 0.104980 0.573242 0.209961
0 0.416016 0.070312 0.201172 0.140625
0 0.102051 0.276367 0.024414 0.224609
0 0.109375 0.231445 0.039062 0.406250
0 0.114746 0.199219 0.034180 0.398438
0 0.252930 0.276367 0.060547 0.224609
0 0.258789 0.350586 0.052734 0.148438
0 0.274414 0.353516 0.064453 0.138672
0 0.325684 0.238770 0.018555 0.047852
0 0.068359 0.127441 0.037109 0.063477
