1 0.237793 0.397461 0.184570 0.794922
3 0.478516 0.557129 0.048828 0.838867
0 0.613281 0.653320 0.218750 0.691406
0 0.461914 0.624023 0.021484 0.750000
4 0.098145 0.305176 0.196289 0.083008
0 0.083984 0.229980 0.164062 0.043945
0 0.097168 0.187500 0.194336 0.152344
0 0.081543 0.123047 0.163086 0.167969
0 0.081055 0.060059 0.162109 0.034180
0 0.087891 0.082031 0.154297 0.164062
0 0.125977 0.068359 0.105469 0.136719
0 0.145996 0.063477 0.100586 0.126953
0 0.185059 0.105469 0.034180 0.054688
0 0.158691 0.023438 0.098633 0.046875
0 0.153809 0.011719 0.016602 0.023438
0 0.188477 0.064941 0.041016 0.061523
2 0.333984 0.288574 0.035156 0.237305
2 0.379883 0.309570 0.023438 0.123047
2 0.405273 0.328613 0.009766 0.166992
2 0.422363 0.328613 0.008789 0.166992
0 0.355957 0.140625 0.088867 0.281250
0 0.315430 0.126953 0.033203 0.091797
0 0.276367 0.070801 0.039062 0.014648
0 0.356934 0.237793 0.028320 0.065430
0 0.311523 0.233398 0.021484 0.041016
0 0.282715 0.219727 0.028320 0.019531
0 0.184082 0.224609 0.028320 0.033203
