1 0.330566 0.431641 0.180664 0.863281
3 0.570312 0.607422 0.048828 0.783203
0 0.549316 0.662109 0.010742 0.673828
0 0.690918 0.691406 0.190430 0.615234
0 0.170898 0.064941 0.275391 0.129883
0 0.132812 0.130859 0.265625 0.058594
0 0.147949 0.399414 0.295898 0.123047
0 0.444824 0.195312 0.100586 0.328125
0 0.146484 0.214844 0.292969 0.250000
0 0.133301 0.144043 0.266602 0.288086
0 0.158203 0.123047 0.218750 0.246094
0 0.199219 0.108398 0.160156 0.216797
0 0.223633 0.109863 0.162109 0.213867
0 0.253906 0.089355 0.113281 0.178711
0 0.373535 0.152344 0.038086 0.015625
0 0.411621 0.208496 0.032227 0.092773
2 0.429688 0.366699 0.035156 0.233398
2 0.473633 0.387207 0.023438 0.118164
2 0.498047 0.404785 0.009766 0.166992
2 0.515625 0.403809 0.009766 0.163086
0 0.451660 0.317871 0.026367 0.065430
0 0.377930 0.296387 0.029297 0.018555
0 0.377930 0.247070 0.027344 0.048828
0 0.375000 0.258789 0.035156 0.033203
0 0.406250 0.311523 0.021484 0.041016
0 0.171387 0.311035 0.192383 0.051758
0 0.280762 0.055664 0.026367 0.056641
0 0.244629 0.014648 0.041992 0.029297
0 0.380371 0.014160 0.024414 0.028320
4 0.132324 0.275391 0.262695 0.093750
4 0.131348 0.285645 0.262695 0.075195
4 0.037598 0.343262 0.075195 0.016602
0 0.284180 0.304199 0.025391 0.026367
