1 0.405273 0.317383 0.175781 0.634766
3 0.645020 0.414062 0.049805 0.828125
0 0.611816 0.547363 0.014648 0.903320
0 0.794922 0.577637 0.248047 0.842773
0 0.183594 0.187500 0.367188 0.150391
0 0.169922 0.101074 0.339844 0.083008
3 0.025879 0.252930 0.018555 0.234375
4 0.291016 0.057617 0.142578 0.113281
4 0.306152 0.029785 0.059570 0.059570
0 0.355469 0.076660 0.027344 0.030273
2 0.503418 0.143555 0.034180 0.240234
2 0.547852 0.165527 0.023438 0.122070
0 0.544434 0.067383 0.045898 0.132812
2 0.572754 0.182129 0.008789 0.170898
2 0.589355 0.182617 0.008789 0.169922
0 0.484863 0.097656 0.034180 0.068359
0 0.451172 0.069336 0.029297 0.019531
0 0.452637 0.022461 0.024414 0.044922
0 0.495605 0.011719 0.008789 0.021484
0 0.525391 0.093262 0.025391 0.065430
