1 0.243652 0.440918 0.186523 0.881836
3 0.486328 0.612793 0.048828 0.772461
0 0.467773 0.667480 0.017578 0.663086
0 0.606934 0.696777 0.190430 0.604492
0 0.087891 0.318848 0.173828 0.045898
0 0.086914 0.074707 0.173828 0.084961
0 0.087891 0.149414 0.173828 0.035156
0 0.105469 0.112793 0.167969 0.221680
0 0.124512 0.107910 0.163086 0.213867
0 0.138184 0.059082 0.071289 0.116211
0 0.149902 0.017578 0.049805 0.033203
0 0.189941 0.062988 0.028320 0.053711
0 0.199707 0.155762 0.038086 0.057617
0 0.199707 0.126953 0.036133 0.019531
0 0.286133 0.161133 0.039062 0.015625
0 0.087891 0.159180 0.175781 0.189453
0 0.086914 0.205566 0.173828 0.182617
0 0.102051 0.271484 0.204102 0.162109
0 0.291992 0.307129 0.027344 0.018555
0 0.291016 0.256836 0.029297 0.048828
0 0.358887 0.207031 0.104492 0.333984
0 0.290039 0.018066 0.031250 0.036133
2 0.343262 0.376953 0.034180 0.236328
2 0.388184 0.398926 0.022461 0.125977
0 0.320801 0.322754 0.020508 0.040039
0 0.366699 0.327637 0.028320 0.065430
2 0.413086 0.416016 0.009766 0.166016
2 0.430664 0.415527 0.009766 0.165039
0 0.194824 0.313477 0.028320 0.033203
4 0.103516 0.394531 0.205078 0.087891
0 0.196289 0.195801 0.033203 0.049805
0 0.324219 0.214844 0.031250 0.089844
0 0.205078 0.244141 0.023438 0.025391
