0 0.363770 0.878906 0.727539 0.240234
0 0.089844 0.960938 0.179688 0.076172
0 0.499512 0.354492 0.999023 0.148438
3 0.559082 0.309082 0.012695 0.575195
0 0.978516 0.171875 0.025391 0.003906
0 0.943848 0.170410 0.030273 0.004883
3 0.389160 0.511230 0.026367 0.975586
0 0.399414 0.113281 0.019531 0.005859
0 0.420410 0.117188 0.014648 0.005859
0 0.441895 0.120605 0.020508 0.006836
0 0.465820 0.124512 0.021484 0.006836
0 0.489258 0.127930 0.019531 0.005859
0 0.514648 0.132324 0.021484 0.006836
0 0.540039 0.135254 0.019531 0.004883
0 0.566895 0.138672 0.024414 0.005859
0 0.594238 0.141602 0.020508 0.005859
0 0.622559 0.145020 0.026367 0.004883
0 0.653809 0.148438 0.024414 0.005859
0 0.684082 0.150879 0.024414 0.004883
0 0.713867 0.154785 0.021484 0.004883
0 0.740723 0.156738 0.020508 0.004883
0 0.769043 0.158691 0.024414 0.006836
0 0.800293 0.161621 0.026367 0.004883
0 0.833496 0.163574 0.028320 0.004883
0 0.866211 0.166504 0.025391 0.004883
0 0.902832 0.168457 0.034180 0.004883
0 0.584473 0.122559 0.038086 0.036133
0 0.630859 0.161621 0.042969 0.036133
0 0.661133 0.185547 0.007812 0.007812
0 0.674316 0.193848 0.006836 0.006836
0 0.686035 0.203125 0.008789 0.007812
0 0.699219 0.211914 0.003906 0.003906
0 0.712402 0.220215 0.008789 0.006836
0 0.726562 0.229980 0.009766 0.008789
0 0.739746 0.237793 0.008789 0.006836
0 0.754395 0.246094 0.008789 0.007812
0 0.768555 0.254395 0.011719 0.006836
0 0.782715 0.261230 0.008789 0.006836
0 0.799805 0.270508 0.007812 0.005859
0 0.813965 0.277832 0.008789 0.006836
0 0.828125 0.284180 0.007812 0.005859
0 0.843262 0.291016 0.008789 0.005859
