3 0.612305 0.499512 0.062500 0.999023
0 0.666016 0.499512 0.103516 0.999023
0 0.619629 0.016113 0.006836 0.032227
0 0.600098 0.107422 0.030273 0.214844
0 0.597168 0.125977 0.032227 0.251953
0 0.687988 0.562500 0.096680 0.873047
0 0.732910 0.499512 0.143555 0.999023
0 0.817383 0.499512 0.195312 0.999023
0 0.888672 0.469238 0.220703 0.938477
0 0.909668 0.087402 0.178711 0.168945
0 0.790527 0.193359 0.053711 0.044922
0 0.664551 0.672363 0.063477 0.653320
0 0.661133 0.724609 0.050781 0.548828
0 0.629883 0.078125 0.005859 0.085938
0 0.607910 0.563965 0.038086 0.870117
