2 0.907227 0.499512 0.183594 0.999023
0 0.411621 0.331543 0.823242 0.577148
0 0.418457 0.397461 0.836914 0.566406
0 0.425781 0.485840 0.851562 0.600586
0 0.433105 0.573242 0.866211 0.619141
0 0.958008 0.225098 0.082031 0.041992
0 0.984375 0.666504 0.029297 0.018555
0 0.677246 0.846680 0.456055 0.304688
0 0.596191 0.802246 0.581055 0.393555
0 0.578125 0.779785 0.613281 0.368164
0 0.949707 0.051758 0.098633 0.052734
0 0.978027 0.113770 0.041992 0.022461
0 0.031250 0.022461 0.062500 0.044922
0 0.407715 0.295898 0.815430 0.562500
