3 0.644531 0.616211 0.144531 0.765625
0 0.606934 0.397461 0.030273 0.119141
0 0.605957 0.667969 0.057617 0.662109
0 0.547363 0.157715 0.059570 0.315430
0 0.568848 0.434570 0.088867 0.841797
0 0.537109 0.094727 0.025391 0.189453
0 0.568359 0.320801 0.031250 0.204102
0 0.558594 0.157715 0.058594 0.315430
0 0.654785 0.499512 0.227539 0.999023
0 0.627930 0.162598 0.148438 0.325195
4 0.520508 0.012207 0.001953 0.024414
4 0.522461 0.136719 0.003906 0.207031
0 0.677246 0.778809 0.059570 0.440430
0 0.650391 0.870605 0.027344 0.256836
0 0.602539 0.530762 0.027344 0.161133
0 0.614746 0.533691 0.018555 0.127930
0 0.777344 0.671387 0.146484 0.655273
0 0.870117 0.716797 0.257812 0.257812
4 0.686523 0.920410 0.103516 0.149414
