3 0.577148 0.485352 0.078125 0.792969
0 0.626465 0.499512 0.051758 0.999023
0 0.587891 0.510254 0.027344 0.977539
0 0.557129 0.097656 0.006836 0.195312
0 0.561523 0.256836 0.003906 0.091797
0 0.566895 0.658691 0.010742 0.680664
0 0.551270 0.455566 0.024414 0.075195
0 0.553711 0.538574 0.003906 0.176758
0 0.551270 0.314941 0.002930 0.209961
0 0.556152 0.845215 0.004883 0.307617
0 0.537109 0.499512 0.003906 0.999023
0 0.445312 0.748047 0.183594 0.501953
0 0.550781 0.097168 0.001953 0.194336
0 0.546387 0.096191 0.002930 0.192383
0 0.548828 0.312988 0.003906 0.208008
0 0.549805 0.437500 0.001953 0.029297
0 0.550781 0.498535 0.001953 0.081055
