3 0.983887 0.806152 0.030273 0.321289
3 0.903320 0.833984 0.109375 0.330078
3 0.579102 0.659180 0.076172 0.679688
0 0.274414 0.206543 0.548828 0.231445
0 0.273438 0.382812 0.546875 0.146484
0 0.273438 0.550781 0.546875 0.087891
0 0.297363 0.783691 0.594727 0.038086
0 0.771973 0.785156 0.313477 0.035156
0 0.768066 0.900879 0.301758 0.032227
0 0.964844 0.864258 0.046875 0.029297
0 0.966797 0.926758 0.044922 0.078125
0 0.967773 0.950684 0.044922 0.079102
0 0.782227 0.600098 0.341797 0.200195
0 0.771484 0.527832 0.322266 0.288086
0 0.916992 0.702148 0.021484 0.007812
0 0.757812 0.662598 0.291016 0.086914
0 0.963867 0.659668 0.058594 0.024414
0 0.979492 0.690430 0.039062 0.019531
0 0.954590 0.687988 0.030273 0.016602
0 0.982910 0.708984 0.012695 0.031250
0 0.573242 0.603516 0.042969 0.023438
0 0.470215 0.958496 0.250977 0.081055
4 0.341797 0.898438 0.507812 0.201172
