3 0.474121 0.493164 0.297852 0.968750
0 0.340820 0.862305 0.031250 0.273438
0 0.315430 0.859375 0.031250 0.273438
0 0.323242 0.861328 0.031250 0.273438
0 0.433105 0.874023 0.028320 0.251953
0 0.446289 0.873047 0.027344 0.251953
0 0.424805 0.868164 0.027344 0.255859
0 0.505371 0.878906 0.024414 0.240234
0 0.559082 0.882812 0.022461 0.234375
0 0.581543 0.890625 0.018555 0.218750
0 0.585938 0.889648 0.019531 0.218750
0 0.557617 0.169434 0.031250 0.338867
0 0.414062 0.147949 0.037109 0.295898
0 0.614746 0.315918 0.041992 0.631836
0 0.620117 0.315918 0.041016 0.631836
