0 0.366699 0.499512 0.131836 0.999023
0 0.351562 0.499512 0.136719 0.999023
0 0.250977 0.326172 0.126953 0.652344
0 0.329102 0.499512 0.146484 0.999023
0 0.169434 0.499512 0.198242 0.999023
0 0.312988 0.499512 0.155273 0.999023
0 0.294434 0.274414 0.090820 0.548828
0 0.272949 0.330078 0.122070 0.660156
0 0.263672 0.332031 0.117188 0.664062
0 0.187988 0.241699 0.102539 0.483398
0 0.188965 0.927246 0.026367 0.143555
0 0.176758 0.894043 0.033203 0.209961
0 0.151855 0.866699 0.043945 0.264648
0 0.171875 0.867676 0.042969 0.262695
0 0.056641 0.904297 0.039062 0.189453
