3 0.516113 0.753418 0.270508 0.491211
0 0.657227 0.499512 0.048828 0.999023
0 0.645508 0.328613 0.035156 0.657227
0 0.607910 0.393066 0.059570 0.786133
0 0.569824 0.385742 0.071289 0.771484
0 0.562500 0.268066 0.056641 0.536133
0 0.570312 0.929199 0.015625 0.139648
0 0.612793 0.927246 0.006836 0.067383
0 0.428223 0.909668 0.026367 0.178711
0 0.411621 0.907227 0.028320 0.183594
0 0.446289 0.771973 0.007812 0.040039
0 0.430664 0.767090 0.007812 0.040039
0 0.532227 0.797363 0.005859 0.041992
0 0.579590 0.811035 0.008789 0.041992
0 0.496582 0.373535 0.096680 0.747070
0 0.483887 0.371094 0.100586 0.742188
0 0.479004 0.308105 0.084961 0.616211
