3 0.150879 0.571289 0.301758 0.550781
0 0.103516 0.270020 0.138672 0.540039
0 0.117188 0.150879 0.078125 0.301758
0 0.117676 0.274902 0.149414 0.547852
0 0.159180 0.297852 0.150391 0.595703
0 0.215332 0.324707 0.145508 0.649414
0 0.239746 0.332031 0.149414 0.664062
0 0.248535 0.334473 0.141602 0.668945
0 0.263184 0.333008 0.135742 0.666016
0 0.291016 0.348145 0.132812 0.696289
0 0.008789 0.655762 0.017578 0.077148
0 0.006836 0.709961 0.013672 0.072266
0 0.030762 0.851562 0.059570 0.292969
0 0.103516 0.862793 0.050781 0.272461
0 0.130859 0.867188 0.042969 0.263672
0 0.144531 0.870117 0.044922 0.257812
0 0.161133 0.874512 0.042969 0.247070
0 0.195801 0.890137 0.036133 0.217773
