0 0.302246 0.554688 0.112305 0.888672
0 0.322754 0.673340 0.065430 0.651367
0 0.469727 0.499512 0.013672 0.999023
0 0.363770 0.710449 0.045898 0.577148
0 0.396973 0.720703 0.026367 0.556641
0 0.419434 0.712891 0.022461 0.572266
0 0.341797 0.710449 0.054688 0.577148
0 0.444336 0.218262 0.011719 0.196289
0 0.334961 0.709473 0.052734 0.579102
0 0.424316 0.712402 0.024414 0.573242
3 0.413574 0.338867 0.131836 0.677734
0 0.372070 0.202148 0.027344 0.195312
0 0.386230 0.210938 0.020508 0.210938
0 0.440430 0.209473 0.011719 0.184570
0 0.380371 0.232910 0.020508 0.161133
0 0.396973 0.256348 0.010742 0.122070
