0 0.093262 0.648438 0.186523 0.259766
0 0.126953 0.633789 0.253906 0.359375
0 0.118652 0.670898 0.237305 0.351562
0 0.128906 0.755859 0.257812 0.398438
0 0.183105 0.812500 0.235352 0.373047
0 0.212402 0.826172 0.204102 0.345703
0 0.223145 0.835938 0.198242 0.326172
0 0.240723 0.844238 0.188477 0.309570
0 0.271484 0.869141 0.152344 0.259766
0 0.600586 0.343750 0.441406 0.687500
0 0.579102 0.319336 0.421875 0.638672
0 0.564941 0.312012 0.424805 0.624023
0 0.559570 0.305176 0.429688 0.610352
0 0.537598 0.288574 0.405273 0.577148
0 0.485352 0.255859 0.386719 0.511719
0 0.450684 0.224609 0.356445 0.449219
0 0.436035 0.217285 0.333008 0.434570
0 0.479980 0.130859 0.198242 0.261719
0 0.357910 0.061523 0.104492 0.121094
0 0.057617 0.406738 0.115234 0.153320
3 0.263184 0.495605 0.274414 0.750977
