3 0.429199 0.499512 0.440430 0.999023
0 0.190430 0.112305 0.097656 0.224609
0 0.215820 0.128418 0.121094 0.256836
0 0.370117 0.627441 0.244141 0.743164
0 0.352539 0.412598 0.091797 0.178711
0 0.338379 0.407715 0.077148 0.166992
0 0.464844 0.747559 0.173828 0.502930
0 0.520020 0.609375 0.305664 0.779297
0 0.166016 0.256836 0.183594 0.513672
0 0.332520 0.770996 0.135742 0.456055
0 0.750000 0.708984 0.269531 0.580078
0 0.562500 0.332031 0.078125 0.125000
0 0.517578 0.259766 0.009766 0.013672
0 0.463379 0.167969 0.028320 0.046875
0 0.379883 0.036621 0.042969 0.073242
0 0.305664 0.092285 0.101562 0.184570
0 0.552734 0.058105 0.087891 0.116211
0 0.807129 0.509766 0.383789 0.734375
0 0.807129 0.294922 0.383789 0.589844
0 0.535156 0.830078 0.119141 0.337891
