1 0.198730 0.294922 0.030273 0.589844
1 0.014648 0.291504 0.029297 0.583008
0 0.199219 0.370117 0.398438 0.740234
0 0.213379 0.408203 0.426758 0.816406
0 0.336426 0.499512 0.358398 0.999023
0 0.389160 0.589844 0.198242 0.818359
0 0.359863 0.499512 0.321289 0.999023
0 0.356934 0.539551 0.254883 0.918945
0 0.489746 0.532715 0.174805 0.932617
0 0.550293 0.534668 0.139648 0.928711
0 0.509277 0.592773 0.133789 0.812500
0 0.490234 0.700195 0.103516 0.597656
0 0.562988 0.594238 0.106445 0.809570
3 0.551270 0.405762 0.149414 0.811523
3 0.055176 0.127441 0.014648 0.254883
3 0.306152 0.062988 0.006836 0.125977
3 0.334473 0.075684 0.010742 0.151367
