3 0.623047 0.313965 0.550781 0.627930
0 0.852539 0.082031 0.021484 0.164062
0 0.825195 0.092773 0.013672 0.160156
0 0.869629 0.685547 0.032227 0.626953
0 0.845215 0.690918 0.022461 0.616211
0 0.678711 0.738281 0.021484 0.521484
0 0.660645 0.748047 0.020508 0.501953
0 0.602539 0.773438 0.025391 0.451172
0 0.557617 0.728027 0.023438 0.541992
0 0.546387 0.734863 0.024414 0.528320
0 0.424805 0.693359 0.037109 0.609375
0 0.397949 0.692871 0.030273 0.612305
0 0.407227 0.146973 0.017578 0.143555
0 0.377441 0.101074 0.008789 0.202148
