3 0.549805 0.499512 0.160156 0.999023
0 0.277832 0.826172 0.555664 0.109375
0 0.278809 0.753418 0.557617 0.112305
0 0.286133 0.723145 0.572266 0.102539
0 0.280762 0.564453 0.561523 0.115234
0 0.282227 0.533203 0.564453 0.107422
0 0.281250 0.541016 0.562500 0.111328
0 0.291992 0.183105 0.583984 0.100586
0 0.807129 0.143555 0.383789 0.023438
0 0.802734 0.515625 0.392578 0.076172
0 0.806641 0.538086 0.384766 0.074219
0 0.800293 0.716309 0.397461 0.088867
0 0.805176 0.747070 0.387695 0.099609
0 0.805664 0.819824 0.386719 0.100586
