3 0.209961 0.556641 0.220703 0.882812
0 0.636719 0.411133 0.726562 0.265625
0 0.657715 0.461914 0.684570 0.222656
0 0.574219 0.569336 0.849609 0.130859
0 0.629883 0.652344 0.738281 0.062500
0 0.652344 0.673340 0.693359 0.065430
0 0.072754 0.841309 0.145508 0.088867
0 0.100098 0.789062 0.200195 0.142578
0 0.582031 0.275879 0.833984 0.395508
0 0.479980 0.153809 0.405273 0.307617
0 0.439453 0.105957 0.253906 0.211914
0 0.352051 0.066406 0.137695 0.132812
0 0.298828 0.061035 0.123047 0.122070
0 0.113770 0.282227 0.227539 0.298828
0 0.120117 0.419434 0.240234 0.262695
0 0.126953 0.315430 0.253906 0.296875
0 0.061035 0.578125 0.122070 0.130859
0 0.072266 0.748047 0.144531 0.105469
0 0.054688 0.705078 0.109375 0.101562
0 0.051758 0.722168 0.103516 0.083008
