3 0.439453 0.657227 0.259766 0.683594
0 0.778320 0.846680 0.441406 0.101562
0 0.780762 0.800293 0.436523 0.096680
0 0.779297 0.775879 0.439453 0.071289
0 0.776855 0.686523 0.444336 0.058594
0 0.772949 0.596680 0.452148 0.062500
0 0.166992 0.718262 0.333984 0.094727
0 0.167480 0.805176 0.334961 0.092773
0 0.228516 0.885254 0.457031 0.124023
0 0.229492 0.924805 0.458984 0.119141
0 0.212402 0.962402 0.295898 0.073242
0 0.418457 0.739258 0.075195 0.025391
0 0.248535 0.495117 0.497070 0.134766
0 0.246094 0.399902 0.492188 0.137695
0 0.762695 0.290527 0.472656 0.092773
0 0.765137 0.380371 0.467773 0.102539
