0 0.801270 0.499512 0.010742 0.999023
0 0.609375 0.367188 0.021484 0.730469
0 0.552734 0.909180 0.009766 0.181641
0 0.574707 0.364258 0.034180 0.722656
0 0.735352 0.372070 0.007812 0.742188
0 0.708496 0.372559 0.004883 0.745117
0 0.657227 0.368652 0.017578 0.737305
0 0.543457 0.370605 0.028320 0.690430
0 0.508789 0.368164 0.041016 0.685547
0 0.480957 0.903320 0.010742 0.189453
0 0.523926 0.906738 0.012695 0.184570
0 0.500977 0.367676 0.041016 0.686523
0 0.475098 0.903320 0.010742 0.189453
3 0.625977 0.854004 0.332031 0.288086
