3 0.582031 0.358398 0.359375 0.455078
0 0.437988 0.086426 0.012695 0.172852
0 0.514648 0.083496 0.007812 0.166992
0 0.522461 0.083496 0.007812 0.166992
0 0.420898 0.154297 0.009766 0.308594
0 0.439453 0.712402 0.027344 0.573242
0 0.453613 0.716797 0.026367 0.564453
0 0.460449 0.712891 0.024414 0.572266
0 0.535156 0.741699 0.021484 0.512695
0 0.542480 0.737305 0.022461 0.523438
0 0.572266 0.723145 0.025391 0.551758
0 0.608398 0.756836 0.017578 0.484375
0 0.621582 0.743164 0.018555 0.511719
0 0.728516 0.711914 0.017578 0.574219
0 0.745117 0.696289 0.023438 0.605469
0 0.726074 0.074219 0.012695 0.148438
0 0.705566 0.077637 0.010742 0.155273
0 0.597656 0.075684 0.009766 0.151367
0 0.584473 0.068359 0.006836 0.136719
0 0.548828 0.070801 0.011719 0.141602
