0 0.499512 0.269531 0.999023 0.224609
0 0.499512 0.337402 0.999023 0.231445
0 0.183105 0.542969 0.366211 0.099609
0 0.191406 0.601074 0.382812 0.102539
0 0.233398 0.659180 0.466797 0.123047
0 0.200195 0.720215 0.400391 0.102539
0 0.769043 0.425781 0.459961 0.064453
0 0.771484 0.490234 0.455078 0.060547
0 0.773926 0.553223 0.450195 0.071289
0 0.774902 0.569824 0.448242 0.094727
0 0.776367 0.605469 0.445312 0.101562
0 0.767090 0.754883 0.463867 0.095703
0 0.773438 0.857422 0.451172 0.107422
0 0.240723 0.863770 0.481445 0.108398
0 0.299316 0.959473 0.362305 0.079102
0 0.773926 0.869141 0.450195 0.103516
0 0.255859 0.719238 0.511719 0.131836
0 0.233887 0.687988 0.467773 0.116211
0 0.327637 0.964355 0.315430 0.069336
0 0.775391 0.606445 0.447266 0.066406
3 0.465820 0.669434 0.169922 0.590820
