0 0.490723 0.288086 0.002930 0.576172
0 0.493164 0.838867 0.007812 0.320312
0 0.539062 0.847656 0.007812 0.302734
0 0.564453 0.858398 0.007812 0.281250
0 0.641602 0.875977 0.013672 0.246094
0 0.703125 0.868164 0.007812 0.265625
0 0.723633 0.835938 0.009766 0.326172
0 0.751953 0.499512 0.042969 0.999023
0 0.699707 0.246582 0.030273 0.493164
0 0.677246 0.246094 0.028320 0.492188
0 0.623535 0.239746 0.022461 0.479492
0 0.530762 0.291016 0.014648 0.582031
0 0.556152 0.249023 0.008789 0.498047
0 0.587891 0.248535 0.015625 0.497070
0 0.497070 0.288574 0.003906 0.577148
0 0.498535 0.839844 0.006836 0.320312
0 0.603027 0.891113 0.004883 0.217773
3 0.612305 0.631836 0.279297 0.302734
