0 0.798340 0.246094 0.038086 0.123047
0 0.808594 0.250977 0.041016 0.134766
4 0.907227 0.481445 0.181641 0.707031
0 0.897949 0.670410 0.129883 0.657227
0 0.886719 0.669434 0.128906 0.659180
0 0.657227 0.672852 0.039062 0.656250
0 0.663574 0.672852 0.041992 0.656250
0 0.650879 0.664551 0.038086 0.668945
1 0.638184 0.477051 0.583008 0.946289
0 0.422363 0.672852 0.049805 0.650391
0 0.426758 0.673828 0.048828 0.650391
0 0.415039 0.670410 0.052734 0.659180
3 0.959473 0.382812 0.020508 0.433594
4 0.875488 0.082031 0.075195 0.164062
4 0.886230 0.068848 0.059570 0.137695
4 0.918457 0.109863 0.077148 0.116211
4 0.940430 0.171387 0.035156 0.055664
0 0.984863 0.191406 0.028320 0.023438
4 0.984375 0.225586 0.027344 0.027344
4 0.980469 0.252930 0.035156 0.035156
4 0.980469 0.281738 0.035156 0.036133
4 0.449219 0.251953 0.015625 0.132812
4 0.457520 0.060547 0.012695 0.121094
0 0.739258 0.038086 0.021484 0.076172
4 0.746094 0.031738 0.019531 0.063477
4 0.933594 0.231934 0.044922 0.053711
4 0.602539 0.062988 0.015625 0.098633
4 0.610352 0.078125 0.009766 0.062500
1 0.566895 0.026855 0.081055 0.053711
