0 0.967285 0.308105 0.063477 0.051758
0 0.969238 0.299805 0.059570 0.052734
0 0.970703 0.294434 0.056641 0.053711
1 0.689453 0.357910 0.095703 0.475586
4 0.748535 0.417969 0.014648 0.031250
1 0.762695 0.419434 0.044922 0.196289
1 0.925293 0.417480 0.125977 0.190430
1 0.849609 0.444336 0.033203 0.064453
1 0.809082 0.455566 0.016602 0.059570
2 0.796387 0.460938 0.018555 0.101562
1 0.946777 0.381836 0.104492 0.369141
0 0.322754 0.320801 0.645508 0.108398
0 0.323730 0.239746 0.647461 0.245117
0 0.357422 0.146973 0.560547 0.293945
0 0.580078 0.145508 0.294922 0.291016
0 0.621094 0.064941 0.085938 0.129883
0 0.687500 0.369141 0.070312 0.015625
0 0.754395 0.406738 0.053711 0.053711
0 0.718750 0.380859 0.044922 0.039062
0 0.529297 0.105957 0.236328 0.211914
0 0.745117 0.325195 0.025391 0.056641
0 0.749512 0.288086 0.024414 0.068359
0 0.708496 0.192383 0.026367 0.035156
0 0.727539 0.229004 0.009766 0.028320
0 0.702637 0.304199 0.018555 0.030273
0 0.658203 0.382812 0.015625 0.015625
0 0.653809 0.310059 0.018555 0.024414
0 0.718262 0.381836 0.043945 0.037109
4 0.722168 0.428711 0.040039 0.017578
4 0.749023 0.447266 0.009766 0.017578
4 0.778809 0.390137 0.010742 0.012695
4 0.788574 0.413574 0.008789 0.030273
4 0.786133 0.448242 0.009766 0.029297
4 0.754883 0.392090 0.005859 0.016602
4 0.747070 0.369629 0.003906 0.012695
4 0.775879 0.352539 0.006836 0.013672
4 0.786133 0.384766 0.011719 0.048828
4 0.736816 0.355469 0.012695 0.015625
4 0.725098 0.339844 0.006836 0.009766
4 0.770020 0.424805 0.004883 0.009766
4 0.794922 0.437500 0.003906 0.013672
4 0.876953 0.416016 0.011719 0.044922
4 0.891602 0.384766 0.015625 0.017578
4 0.974609 0.384277 0.017578 0.006836
4 0.951172 0.415527 0.029297 0.059570
4 0.951660 0.378418 0.010742 0.010742
4 0.608398 0.066895 0.095703 0.133789
4 0.657227 0.225586 0.011719 0.021484
4 0.673340 0.060059 0.063477 0.120117
4 0.711914 0.141113 0.009766 0.034180
4 0.961426 0.176270 0.061523 0.145508
4 0.926270 0.335938 0.014648 0.019531
4 0.929199 0.336914 0.010742 0.015625
