1 0.582520 0.427734 0.442383 0.855469
0 0.164551 0.667969 0.329102 0.662109
0 0.115234 0.737793 0.230469 0.522461
0 0.055176 0.853516 0.110352 0.291016
0 0.221191 0.163574 0.432617 0.327148
0 0.800781 0.821289 0.261719 0.355469
0 0.802246 0.815918 0.270508 0.366211
0 0.808105 0.807129 0.286133 0.383789
0 0.866699 0.361816 0.254883 0.268555
0 0.860840 0.366211 0.250977 0.263672
0 0.855957 0.370117 0.245117 0.257812
0 0.834961 0.550293 0.328125 0.385742
0 0.833984 0.565430 0.330078 0.390625
0 0.827148 0.565430 0.316406 0.375000
0 0.481445 0.383301 0.076172 0.106445
0 0.270996 0.085938 0.268555 0.169922
0 0.482422 0.379395 0.076172 0.106445
0 0.481445 0.364258 0.074219 0.105469
0 0.705566 0.216797 0.041992 0.023438
0 0.703613 0.209473 0.036133 0.020508
0 0.707520 0.227539 0.047852 0.027344
0 0.741211 0.268066 0.117188 0.096680
4 0.825684 0.348145 0.290039 0.202148
3 0.985840 0.600586 0.026367 0.335938
4 0.827637 0.408691 0.295898 0.262695
4 0.831543 0.411621 0.299805 0.319336
