1 0.311523 0.548340 0.302734 0.901367
1 0.606445 0.171875 0.121094 0.343750
0 0.104492 0.183105 0.208984 0.116211
0 0.093262 0.299805 0.186523 0.115234
0 0.090332 0.443848 0.180664 0.120117
0 0.089355 0.540527 0.178711 0.118164
0 0.125488 0.767090 0.250977 0.194336
0 0.126953 0.837402 0.253906 0.198242
0 0.512695 0.880371 0.281250 0.237305
0 0.614746 0.815430 0.461914 0.367188
0 0.690918 0.698730 0.616211 0.461914
0 0.660156 0.537598 0.677734 0.479492
0 0.831055 0.248535 0.335938 0.208008
0 0.830566 0.243164 0.336914 0.208984
0 0.830566 0.232910 0.336914 0.208008
0 0.842773 0.089844 0.312500 0.179688
0 0.854492 0.082520 0.289062 0.165039
0 0.847168 0.087402 0.303711 0.174805
0 0.967285 0.017090 0.063477 0.034180
0 0.973145 0.013184 0.051758 0.026367
0 0.980469 0.009766 0.037109 0.019531
0 0.483887 0.034668 0.147461 0.069336
0 0.481445 0.042480 0.181641 0.084961
0 0.476562 0.044922 0.191406 0.089844
