1 0.518066 0.526855 0.268555 0.944336
1 0.046387 0.733398 0.092773 0.236328
0 0.245605 0.552246 0.424805 0.165039
0 0.207031 0.568359 0.414062 0.101562
0 0.222656 0.560059 0.443359 0.108398
0 0.211914 0.548828 0.421875 0.099609
0 0.804688 0.588867 0.388672 0.140625
0 0.804688 0.579590 0.388672 0.139648
0 0.804688 0.602051 0.388672 0.141602
0 0.805176 0.739746 0.387695 0.149414
0 0.807129 0.764648 0.385742 0.150391
0 0.806152 0.750977 0.385742 0.148438
0 0.807617 0.758789 0.384766 0.142578
0 0.805176 0.466309 0.387695 0.133789
0 0.806641 0.453125 0.384766 0.130859
0 0.807129 0.447266 0.385742 0.130859
0 0.814453 0.293457 0.371094 0.047852
0 0.816895 0.256348 0.364258 0.043945
0 0.808594 0.327637 0.380859 0.053711
0 0.807617 0.357422 0.382812 0.046875
0 0.224609 0.853516 0.431641 0.199219
0 0.206055 0.915039 0.412109 0.167969
