1 0.674805 0.499023 0.201172 0.998047
3 0.021973 0.392090 0.043945 0.395508
3 0.050781 0.042480 0.009766 0.084961
0 0.299805 0.813965 0.599609 0.014648
0 0.299316 0.833496 0.598633 0.014648
0 0.299316 0.843262 0.598633 0.014648
0 0.315430 0.506836 0.630859 0.013672
0 0.314941 0.516602 0.629883 0.013672
0 0.315430 0.490723 0.630859 0.012695
0 0.328125 0.253906 0.656250 0.011719
0 0.328125 0.242676 0.656250 0.010742
0 0.326660 0.229492 0.653320 0.011719
0 0.326660 0.296875 0.653320 0.005859
0 0.876465 0.504395 0.243164 0.032227
0 0.877441 0.520996 0.243164 0.032227
0 0.878418 0.531250 0.241211 0.031250
0 0.867188 0.247559 0.263672 0.034180
0 0.867188 0.259277 0.263672 0.034180
0 0.868652 0.271484 0.258789 0.033203
0 0.872559 0.303223 0.252930 0.014648
0 0.883789 0.823730 0.230469 0.028320
0 0.883789 0.843262 0.230469 0.028320
0 0.884766 0.853516 0.228516 0.029297
0 0.263672 0.091797 0.527344 0.183594
0 0.225586 0.072266 0.451172 0.144531
0 0.169434 0.051758 0.338867 0.103516
0 0.097656 0.030762 0.195312 0.061523
3 0.896973 0.084961 0.018555 0.169922
