1 0.097168 0.498535 0.194336 0.991211
1 0.455566 0.737305 0.157227 0.523438
0 0.499512 0.374023 0.999023 0.093750
0 0.080078 0.394531 0.160156 0.017578
0 0.581543 0.421875 0.834961 0.072266
0 0.499023 0.776367 0.998047 0.216797
0 0.249512 0.959961 0.334961 0.078125
0 0.088867 0.656738 0.175781 0.004883
0 0.465332 0.707520 0.569336 0.104492
0 0.880371 0.757812 0.237305 0.042969
0 0.880371 0.768555 0.237305 0.042969
0 0.876953 0.838379 0.244141 0.049805
0 0.876953 0.825684 0.242188 0.047852
0 0.877441 0.801270 0.243164 0.045898
0 0.877930 0.778809 0.242188 0.041992
0 0.877930 0.788086 0.242188 0.044922
0 0.877441 0.823242 0.243164 0.046875
0 0.876953 0.791016 0.242188 0.044922
0 0.752441 0.497070 0.493164 0.021484
0 0.271484 0.676270 0.294922 0.022461
0 0.269043 0.696289 0.291992 0.023438
0 0.196777 0.726562 0.135742 0.011719
0 0.262695 0.720215 0.277344 0.022461
0 0.194336 0.703125 0.138672 0.013672
0 0.351074 0.737793 0.116211 0.008789
0 0.345215 0.732422 0.124023 0.011719
0 0.629395 0.712402 0.237305 0.047852
0 0.628906 0.722656 0.236328 0.046875
0 0.626953 0.704102 0.232422 0.021484
0 0.579590 0.763184 0.331055 0.069336
0 0.580078 0.766113 0.330078 0.071289
0 0.627441 0.788574 0.233398 0.049805
0 0.627930 0.753418 0.234375 0.047852
0 0.629395 0.726074 0.237305 0.026367
0 0.628418 0.743652 0.235352 0.047852
0 0.649414 0.745605 0.185547 0.036133
3 0.749023 0.769531 0.013672 0.193359
3 0.753906 0.803223 0.007812 0.229492
