1 0.711914 0.547852 0.277344 0.902344
0 0.370605 0.247559 0.741211 0.053711
0 0.357422 0.369141 0.714844 0.060547
0 0.343750 0.519531 0.687500 0.066406
0 0.312500 0.698730 0.625000 0.061523
0 0.884277 0.766602 0.229492 0.054688
0 0.903320 0.596680 0.191406 0.042969
0 0.914062 0.525391 0.169922 0.037109
0 0.924805 0.440430 0.148438 0.033203
0 0.920898 0.308594 0.156250 0.037109
0 0.865234 0.948730 0.267578 0.063477
0 0.796387 0.983398 0.131836 0.031250
0 0.295898 0.872070 0.591797 0.068359
0 0.291504 0.916992 0.583008 0.070312
1 0.666016 0.027832 0.105469 0.055664
