3 0.677246 0.182617 0.016602 0.271484
1 0.593262 0.570801 0.581055 0.856445
0 0.302246 0.258789 0.604492 0.517578
0 0.715820 0.689941 0.119141 0.303711
0 0.896973 0.245117 0.204102 0.490234
0 0.214844 0.499512 0.429688 0.352539
0 0.218262 0.513672 0.436523 0.380859
0 0.226562 0.520020 0.453125 0.385742
0 0.193848 0.740723 0.385742 0.516602
0 0.205566 0.740723 0.381836 0.516602
0 0.211914 0.743652 0.375000 0.512695
0 0.187988 0.602051 0.375977 0.303711
0 0.192871 0.624023 0.385742 0.316406
0 0.189941 0.617676 0.379883 0.317383
0 0.234863 0.695801 0.469727 0.465820
0 0.235352 0.732422 0.470703 0.519531
0 0.711914 0.668457 0.117188 0.290039
0 0.885254 0.255371 0.221680 0.510742
1 0.968262 0.089355 0.061523 0.178711
0 0.286621 0.755371 0.375977 0.483398
0 0.246094 0.742188 0.453125 0.513672
0 0.386719 0.821289 0.207031 0.355469
0 0.438965 0.753906 0.278320 0.490234
0 0.585938 0.149414 0.189453 0.207031
0 0.601562 0.161621 0.171875 0.200195
0 0.678223 0.135742 0.206055 0.271484
0 0.804199 0.132324 0.159180 0.264648
0 0.812988 0.134766 0.157227 0.269531
0 0.667480 0.248047 0.362305 0.496094
0 0.623535 0.174316 0.127930 0.180664
0 0.738281 0.109863 0.107422 0.124023
0 0.733887 0.124023 0.114258 0.130859
0 0.742676 0.080078 0.096680 0.103516
0 0.740234 0.052734 0.109375 0.103516
0 0.719238 0.047852 0.063477 0.033203
0 0.722656 0.024414 0.078125 0.048828
0 0.721191 0.030762 0.081055 0.059570
0 0.814941 0.025391 0.043945 0.050781
0 0.818359 0.032715 0.048828 0.061523
0 0.818359 0.027344 0.046875 0.054688
0 0.707031 0.074707 0.039062 0.020508
0 0.649414 0.221191 0.044922 0.086914
0 0.652832 0.228027 0.038086 0.077148
0 0.655273 0.233398 0.033203 0.068359
0 0.628906 0.222656 0.054688 0.083984
0 0.674316 0.134277 0.206055 0.268555
0 0.683105 0.135254 0.202148 0.270508
0 0.232910 0.640137 0.465820 0.430664
0 0.441406 0.755859 0.277344 0.490234
4 0.790527 0.078125 0.008789 0.156250
