0 0.562988 0.625000 0.872070 0.748047
0 0.583984 0.637207 0.830078 0.723633
0 0.595703 0.644043 0.806641 0.709961
0 0.441406 0.295898 0.882812 0.591797
0 0.453125 0.309082 0.906250 0.618164
0 0.461914 0.317871 0.923828 0.635742
0 0.279785 0.158691 0.559570 0.317383
0 0.264160 0.146973 0.528320 0.293945
0 0.256348 0.142090 0.512695 0.284180
0 0.313477 0.084473 0.626953 0.168945
0 0.249023 0.065430 0.498047 0.130859
0 0.155273 0.038086 0.310547 0.076172
0 0.034668 0.006348 0.069336 0.012695
0 0.027832 0.004883 0.055664 0.009766
3 0.902344 0.047852 0.013672 0.095703
