0 0.202637 0.706055 0.405273 0.074219
0 0.733398 0.795898 0.531250 0.089844
0 0.736816 0.451660 0.524414 0.071289
0 0.201660 0.378906 0.403320 0.058594
0 0.738770 0.316406 0.520508 0.068359
0 0.783203 0.150391 0.431641 0.042969
0 0.782715 0.119141 0.432617 0.054688
0 0.781738 0.076172 0.434570 0.052734
0 0.776367 0.041016 0.445312 0.058594
0 0.210938 0.254395 0.421875 0.047852
0 0.463379 0.002441 0.047852 0.004883
0 0.348145 0.020508 0.278320 0.041016
0 0.245117 0.046875 0.484375 0.074219
0 0.261719 0.078613 0.521484 0.092773
2 0.447754 0.599609 0.112305 0.792969
3 0.527344 0.112793 0.083984 0.200195
