2 0.457031 0.414062 0.564453 0.828125
0 0.237793 0.160156 0.018555 0.226562
0 0.213867 0.645508 0.039062 0.707031
0 0.223633 0.344727 0.007812 0.101562
0 0.201660 0.704590 0.036133 0.588867
0 0.485840 0.681152 0.036133 0.635742
0 0.720215 0.609863 0.122070 0.778320
0 0.768066 0.660156 0.116211 0.677734
3 0.855469 0.679199 0.125000 0.206055
0 0.455078 0.116211 0.013672 0.232422
0 0.642090 0.101562 0.032227 0.203125
0 0.669922 0.099121 0.037109 0.198242
0 0.699219 0.261719 0.017578 0.089844
0 0.831055 0.291016 0.128906 0.582031
0 0.812988 0.288086 0.118164 0.576172
0 0.789551 0.291504 0.114258 0.583008
0 0.779297 0.347168 0.121094 0.694336
0 0.951660 0.840820 0.069336 0.316406
0 0.930664 0.857422 0.060547 0.283203
0 0.903809 0.868164 0.053711 0.261719
0 0.877441 0.883301 0.047852 0.231445
