0 0.330078 0.279297 0.169922 0.558594
0 0.343750 0.275391 0.156250 0.550781
0 0.359375 0.281250 0.150391 0.562500
0 0.366211 0.304688 0.146484 0.609375
0 0.465820 0.074219 0.031250 0.148438
0 0.424316 0.499512 0.170898 0.999023
0 0.605957 0.082520 0.008789 0.165039
0 0.601562 0.180664 0.001953 0.007812
0 0.579590 0.645020 0.034180 0.708008
0 0.793457 0.499512 0.110352 0.999023
0 0.355957 0.630859 0.143555 0.736328
0 0.440430 0.199707 0.017578 0.079102
0 0.169434 0.812012 0.114258 0.374023
0 0.188477 0.812988 0.111328 0.372070
0 0.213379 0.815918 0.102539 0.366211
0 0.232910 0.833496 0.090820 0.331055
2 0.612305 0.441895 0.384766 0.883789
3 0.265137 0.672363 0.081055 0.227539
