0 0.058105 0.889648 0.043945 0.218750
0 0.082520 0.893066 0.041992 0.211914
0 0.113770 0.895996 0.038086 0.206055
0 0.145020 0.882324 0.043945 0.233398
0 0.247070 0.824707 0.046875 0.348633
0 0.285645 0.530762 0.004883 0.020508
0 0.324707 0.250000 0.071289 0.500000
0 0.344238 0.648926 0.081055 0.700195
0 0.594727 0.272949 0.023438 0.545898
0 0.582520 0.582031 0.002930 0.029297
0 0.571777 0.826660 0.014648 0.305664
0 0.890137 0.624023 0.002930 0.013672
0 0.882812 0.510254 0.011719 0.168945
0 0.902832 0.873535 0.014648 0.250977
0 0.403320 0.136230 0.031250 0.272461
0 0.235352 0.335938 0.107422 0.671875
0 0.215332 0.331543 0.120117 0.663086
0 0.169434 0.329590 0.133789 0.659180
0 0.190918 0.324219 0.124023 0.648438
0 0.862793 0.179199 0.022461 0.358398
0 0.905273 0.128418 0.021484 0.256836
0 0.945801 0.675293 0.045898 0.647461
2 0.607422 0.586914 0.750000 0.697266
3 0.156250 0.730469 0.158203 0.179688
