0 0.430664 0.158203 0.189453 0.316406
0 0.818359 0.604980 0.361328 0.584961
0 0.884766 0.477539 0.228516 0.351562
0 0.887207 0.429199 0.223633 0.354492
0 0.895508 0.379883 0.207031 0.322266
0 0.903320 0.340332 0.191406 0.301758
0 0.755371 0.698730 0.362305 0.600586
0 0.237793 0.302734 0.329102 0.605469
0 0.517578 0.121582 0.154297 0.243164
0 0.073730 0.807129 0.147461 0.323242
0 0.084473 0.750000 0.168945 0.371094
0 0.533691 0.844727 0.170898 0.308594
2 0.393555 0.596191 0.494141 0.805664
0 0.668945 0.084473 0.107422 0.168945
0 0.697266 0.067383 0.085938 0.134766
0 0.721191 0.055664 0.073242 0.111328
0 0.664551 0.128418 0.145508 0.241211
3 0.756348 0.222168 0.104492 0.225586
