3 0.438477 0.351562 0.027344 0.185547
3 0.977539 0.303223 0.042969 0.325195
1 0.650879 0.247070 0.010742 0.494141
1 0.843262 0.037598 0.311523 0.075195
4 0.522461 0.205566 0.039062 0.395508
4 0.578125 0.247559 0.009766 0.495117
4 0.597656 0.087402 0.033203 0.157227
4 0.669922 0.059082 0.031250 0.096680
4 0.369141 0.196289 0.134766 0.392578
0 0.384277 0.173828 0.096680 0.347656
0 0.397461 0.163086 0.078125 0.326172
0 0.368164 0.174316 0.115234 0.348633
0 0.404297 0.137695 0.056641 0.275391
0 0.425293 0.133301 0.040039 0.266602
0 0.448242 0.298828 0.005859 0.054688
0 0.443359 0.311523 0.003906 0.033203
0 0.435547 0.297363 0.001953 0.012695
0 0.414062 0.129395 0.046875 0.258789
