1 0.358887 0.513672 0.452148 0.640625
0 0.279297 0.214844 0.150391 0.429688
0 0.564941 0.284180 0.012695 0.031250
0 0.704590 0.655762 0.256836 0.686523
0 0.497070 0.121094 0.101562 0.242188
0 0.435059 0.098145 0.079102 0.196289
0 0.493164 0.245605 0.023438 0.061523
0 0.110840 0.227539 0.139648 0.455078
0 0.078613 0.380859 0.157227 0.560547
0 0.044922 0.842773 0.089844 0.312500
0 0.036621 0.870117 0.073242 0.257812
0 0.003906 0.863770 0.007812 0.026367
0 0.647949 0.660645 0.252930 0.676758
0 0.465820 0.755371 0.166016 0.483398
