1 0.568359 0.551758 0.462891 0.574219
0 0.631836 0.232910 0.119141 0.465820
0 0.767578 0.230469 0.089844 0.460938
0 0.711426 0.517090 0.016602 0.077148
0 0.652344 0.805664 0.080078 0.386719
0 0.732422 0.849609 0.056641 0.298828
0 0.916504 0.499512 0.141602 0.999023
0 0.929688 0.506348 0.136719 0.985352
0 0.950195 0.565430 0.097656 0.867188
0 0.958984 0.632812 0.080078 0.732422
0 0.986328 0.864746 0.025391 0.268555
0 0.981445 0.816895 0.035156 0.364258
0 0.965332 0.687988 0.067383 0.622070
0 0.941406 0.524414 0.115234 0.949219
0 0.497070 0.777832 0.107422 0.442383
0 0.294434 0.697754 0.178711 0.602539
0 0.276855 0.710938 0.168945 0.576172
0 0.467285 0.133789 0.090820 0.267578
0 0.463379 0.132324 0.094727 0.264648
0 0.821777 0.308594 0.098633 0.617188
3 0.436035 0.078613 0.018555 0.157227
