0 0.154785 0.146973 0.309570 0.065430
0 0.384766 0.099609 0.111328 0.025391
0 0.725586 0.083496 0.546875 0.006836
0 0.733398 0.244629 0.531250 0.006836
1 0.466797 0.524902 0.052734 0.903320
0 0.619629 0.355957 0.286133 0.018555
0 0.224609 0.416016 0.449219 0.095703
0 0.227051 0.507324 0.454102 0.116211
0 0.220703 0.298828 0.441406 0.109375
0 0.744141 0.700195 0.509766 0.048828
0 0.873047 0.436523 0.251953 0.009766
0 0.236328 0.785156 0.472656 0.121094
3 0.770508 0.369141 0.070312 0.207031
0 0.612305 0.444336 0.257812 0.007812
0 0.882812 0.339355 0.232422 0.016602
0 0.883789 0.346191 0.230469 0.004883
0 0.897949 0.331543 0.202148 0.012695
0 0.898438 0.313477 0.201172 0.007812
0 0.896973 0.273926 0.204102 0.012695
0 0.894531 0.264160 0.208984 0.018555
0 0.896484 0.296387 0.205078 0.026367
