1 0.393066 0.141602 0.172852 0.283203
0 0.431641 0.797852 0.414062 0.402344
0 0.439941 0.802734 0.403320 0.392578
0 0.447266 0.806152 0.394531 0.385742
0 0.516113 0.828125 0.342773 0.341797
0 0.841309 0.412109 0.315430 0.289062
0 0.843262 0.421387 0.311523 0.288086
0 0.844727 0.429199 0.308594 0.286133
0 0.868164 0.483887 0.261719 0.250977
0 0.873047 0.802734 0.251953 0.271484
0 0.874023 0.809082 0.250000 0.268555
0 0.884766 0.814453 0.228516 0.248047
1 0.693848 0.694336 0.258789 0.609375
0 0.092285 0.070801 0.184570 0.141602
