1 0.416992 0.632812 0.775391 0.605469
0 0.671387 0.774902 0.026367 0.448242
0 0.663574 0.779297 0.024414 0.439453
0 0.661133 0.774414 0.027344 0.449219
0 0.660156 0.794434 0.023438 0.409180
0 0.638672 0.270996 0.041016 0.541992
0 0.645020 0.459961 0.012695 0.166016
0 0.639648 0.444336 0.013672 0.185547
0 0.620117 0.166992 0.023438 0.333984
0 0.622559 0.154785 0.022461 0.309570
0 0.431152 0.279785 0.006836 0.559570
0 0.426758 0.282227 0.005859 0.564453
0 0.420898 0.280762 0.003906 0.561523
0 0.008789 0.053711 0.017578 0.107422
0 0.019043 0.118652 0.038086 0.237305
0 0.022949 0.143066 0.045898 0.286133
0 0.026367 0.164551 0.052734 0.329102
0 0.031738 0.198730 0.063477 0.397461
0 0.040527 0.259277 0.081055 0.518555
4 0.043945 0.274414 0.085938 0.548828
0 0.051270 0.344238 0.102539 0.688477
0 0.081055 0.247070 0.064453 0.494141
0 0.088379 0.245605 0.063477 0.491211
0 0.022949 0.671875 0.045898 0.306641
0 0.015625 0.618164 0.029297 0.201172
0 0.435059 0.785156 0.002930 0.427734
0 0.429688 0.789551 0.001953 0.418945
0 0.422363 0.804688 0.000977 0.388672
0 0.213867 0.290039 0.033203 0.580078
0 0.229492 0.195312 0.021484 0.390625
0 0.228516 0.194336 0.021484 0.388672
0 0.174805 0.171875 0.023438 0.343750
0 0.136719 0.705078 0.044922 0.587891
0 0.196777 0.796875 0.020508 0.404297
0 0.198730 0.792969 0.022461 0.412109
0 0.185547 0.812500 0.019531 0.373047
0 0.030273 0.678711 0.048828 0.316406
0 0.041016 0.438477 0.019531 0.132812
1 0.958008 0.692383 0.082031 0.332031
4 0.034180 0.603027 0.066406 0.456055
