1 0.546387 0.355469 0.375977 0.710938
0 0.528809 0.796875 0.233398 0.404297
0 0.804199 0.291992 0.321289 0.583984
0 0.800293 0.287598 0.317383 0.575195
0 0.280762 0.739258 0.299805 0.519531
0 0.287109 0.744629 0.294922 0.508789
0 0.809570 0.295410 0.324219 0.590820
0 0.291504 0.745605 0.293945 0.506836
0 0.187012 0.356445 0.374023 0.621094
0 0.193848 0.460938 0.387695 0.669922
0 0.626953 0.139648 0.160156 0.279297
0 0.633301 0.144043 0.165039 0.288086
0 0.635742 0.146484 0.167969 0.292969
0 0.522461 0.793945 0.234375 0.410156
0 0.512695 0.800293 0.228516 0.397461
0 0.488281 0.733887 0.292969 0.508789
4 0.777832 0.224609 0.250977 0.449219
0 0.061035 0.074707 0.122070 0.149414
0 0.062988 0.077637 0.125977 0.155273
0 0.078125 0.096680 0.156250 0.193359
0 0.080566 0.098145 0.161133 0.196289
0 0.095215 0.117676 0.190430 0.235352
0 0.089355 0.111816 0.178711 0.223633
0 0.199707 0.109863 0.170898 0.219727
0 0.192871 0.105957 0.163086 0.211914
0 0.057617 0.266602 0.068359 0.078125
0 0.056641 0.273438 0.062500 0.072266
0 0.055664 0.284180 0.056641 0.060547
0 0.049316 0.250000 0.071289 0.080078
0 0.035156 0.225586 0.070312 0.080078
0 0.173828 0.095703 0.146484 0.189453
0 0.148438 0.085938 0.132812 0.171875
4 0.182617 0.104492 0.148438 0.207031
4 0.163574 0.070312 0.110352 0.140625
0 0.201660 0.469727 0.403320 0.695312
0 0.448730 0.023438 0.028320 0.046875
3 0.096191 0.196777 0.133789 0.176758
