4 0.046387 0.222656 0.092773 0.445312
0 0.014648 0.490723 0.029297 0.151367
0 0.411133 0.499512 0.007812 0.999023
0 0.418457 0.499023 0.004883 0.998047
0 0.424316 0.499512 0.004883 0.999023
0 0.659668 0.499512 0.086914 0.999023
0 0.627930 0.235840 0.044922 0.471680
1 0.406738 0.568848 0.813477 0.793945
0 0.008301 0.037598 0.016602 0.075195
0 0.019043 0.085449 0.038086 0.170898
0 0.024414 0.111816 0.048828 0.223633
0 0.026855 0.123047 0.053711 0.246094
0 0.032715 0.151367 0.065430 0.302734
0 0.042969 0.199707 0.085938 0.399414
0 0.054199 0.273438 0.108398 0.546875
0 0.059570 0.328613 0.119141 0.657227
4 0.062988 0.352539 0.125977 0.705078
0 0.085938 0.617676 0.097656 0.762695
0 0.150391 0.093750 0.021484 0.187500
0 0.649414 0.499512 0.082031 0.999023
0 0.627930 0.083496 0.017578 0.166992
0 0.669434 0.606934 0.061523 0.784180
0 0.667969 0.743164 0.039062 0.511719
4 0.986328 0.851562 0.025391 0.105469
0 0.152344 0.777344 0.041016 0.443359
0 0.165039 0.766113 0.039062 0.465820
0 0.166504 0.763184 0.040039 0.469727
0 0.210449 0.125000 0.026367 0.250000
