1 0.549316 0.510742 0.430664 0.853516
0 0.839844 0.467773 0.318359 0.589844
0 0.835449 0.461914 0.327148 0.605469
0 0.832520 0.455078 0.333008 0.615234
0 0.673828 0.257324 0.306641 0.514648
0 0.680664 0.262695 0.310547 0.525391
0 0.683594 0.263672 0.312500 0.527344
0 0.585938 0.903320 0.109375 0.191406
0 0.597168 0.896484 0.116211 0.205078
0 0.604492 0.899414 0.113281 0.199219
0 0.556152 0.833984 0.190430 0.330078
0 0.339355 0.816895 0.219727 0.364258
0 0.347656 0.821289 0.214844 0.355469
0 0.354980 0.815430 0.219727 0.367188
2 0.092285 0.374023 0.135742 0.185547
0 0.140625 0.154785 0.281250 0.309570
0 0.141113 0.156738 0.282227 0.313477
0 0.155762 0.174805 0.311523 0.349609
0 0.190430 0.146484 0.259766 0.292969
0 0.032715 0.346191 0.065430 0.069336
0 0.031738 0.359375 0.055664 0.058594
0 0.028809 0.394043 0.057617 0.059570
0 0.200195 0.154785 0.265625 0.309570
0 0.210449 0.156738 0.270508 0.313477
0 0.225586 0.171387 0.292969 0.342773
0 0.251465 0.181641 0.307617 0.363281
0 0.042480 0.420410 0.084961 0.086914
0 0.030273 0.457520 0.060547 0.063477
0 0.031738 0.462402 0.063477 0.065430
0 0.036133 0.468262 0.072266 0.071289
0 0.836914 0.334961 0.324219 0.585938
0 0.208008 0.251465 0.207031 0.258789
0 0.182617 0.312012 0.140625 0.161133
4 0.239746 0.230957 0.206055 0.245117
0 0.203613 0.616211 0.407227 0.648438
0 0.195312 0.609375 0.390625 0.619141
0 0.201660 0.466797 0.403320 0.607422
