1 0.398438 0.572266 0.796875 0.853516
0 0.406738 0.499512 0.022461 0.999023
0 0.395996 0.780273 0.012695 0.437500
0 0.408203 0.268066 0.011719 0.536133
0 0.394043 0.499512 0.028320 0.999023
0 0.659668 0.765625 0.045898 0.466797
0 0.632324 0.499512 0.108398 0.999023
0 0.673340 0.763184 0.047852 0.471680
0 0.616699 0.258789 0.065430 0.517578
0 0.605469 0.254883 0.060547 0.509766
0 0.171875 0.499512 0.154297 0.999023
0 0.194336 0.275879 0.091797 0.551758
0 0.093750 0.312500 0.156250 0.625000
0 0.653809 0.499512 0.116211 0.999023
0 0.991211 0.751953 0.015625 0.085938
0 0.047363 0.142090 0.094727 0.284180
0 0.053223 0.166992 0.106445 0.333984
0 0.055664 0.169922 0.111328 0.339844
0 0.060547 0.190918 0.121094 0.381836
0 0.070312 0.231934 0.140625 0.463867
0 0.059082 0.442871 0.118164 0.500977
0 0.037109 0.108398 0.074219 0.216797
0 0.038086 0.113281 0.076172 0.226562
0 0.080078 0.289062 0.160156 0.578125
0 0.083008 0.323242 0.166016 0.646484
0 0.072754 0.246582 0.145508 0.493164
0 0.142090 0.084473 0.038086 0.168945
0 0.110840 0.797363 0.063477 0.401367
