0 0.765625 0.320801 0.238281 0.641602
0 0.761230 0.316895 0.235352 0.633789
0 0.757324 0.314941 0.233398 0.629883
0 0.724121 0.273926 0.208008 0.547852
0 0.594727 0.217285 0.175781 0.434570
0 0.591797 0.214844 0.173828 0.429688
0 0.585938 0.211426 0.171875 0.422852
0 0.114258 0.190430 0.228516 0.380859
0 0.115234 0.193848 0.230469 0.387695
0 0.126953 0.214844 0.253906 0.429688
0 0.128906 0.216797 0.257812 0.433594
0 0.135254 0.230957 0.268555 0.461914
0 0.140137 0.236816 0.278320 0.473633
0 0.162598 0.233398 0.270508 0.466797
0 0.186035 0.238770 0.274414 0.477539
0 0.028809 0.557617 0.057617 0.085938
0 0.019043 0.525879 0.038086 0.057617
0 0.020996 0.549805 0.041992 0.066406
0 0.020508 0.558105 0.041016 0.063477
0 0.189941 0.248047 0.266602 0.490234
4 0.164551 0.330566 0.198242 0.342773
0 0.185547 0.662109 0.292969 0.673828
0 0.198242 0.657227 0.296875 0.683594
0 0.155762 0.595703 0.311523 0.683594
0 0.341309 0.809082 0.155273 0.379883
0 0.515137 0.814941 0.145508 0.368164
0 0.552734 0.855469 0.111328 0.287109
0 0.562500 0.848145 0.117188 0.301758
0 0.567871 0.849609 0.116211 0.298828
4 0.229980 0.201660 0.223633 0.403320
0 0.430664 0.123047 0.109375 0.246094
0 0.422852 0.118164 0.105469 0.236328
4 0.385742 0.087891 0.078125 0.173828
3 0.059082 0.494141 0.118164 0.115234
0 0.359863 0.786133 0.110352 0.269531
0 0.360352 0.793457 0.111328 0.272461
1 0.493164 0.468262 0.464844 0.647461
