1 0.366699 0.602539 0.700195 0.792969
0 0.390625 0.499512 0.060547 0.999023
0 0.586914 0.499512 0.113281 0.999023
0 0.401367 0.287109 0.035156 0.574219
0 0.395996 0.287598 0.040039 0.575195
0 0.369141 0.798828 0.027344 0.400391
0 0.359375 0.805664 0.029297 0.386719
0 0.898926 0.157715 0.200195 0.315430
0 0.946777 0.065918 0.104492 0.131836
0 0.967285 0.035156 0.063477 0.070312
0 0.608887 0.784668 0.040039 0.428711
3 0.211914 0.142578 0.033203 0.269531
0 0.109375 0.250488 0.218750 0.500977
0 0.117188 0.271484 0.234375 0.542969
0 0.135254 0.406250 0.270508 0.812500
0 0.102539 0.226562 0.205078 0.453125
0 0.120605 0.287598 0.241211 0.575195
0 0.118652 0.331055 0.237305 0.662109
0 0.132324 0.360352 0.264648 0.720703
0 0.108398 0.466309 0.216797 0.631836
0 0.126953 0.319824 0.253906 0.639648
0 0.106934 0.386719 0.211914 0.542969
4 0.242676 0.074707 0.051758 0.149414
0 0.123535 0.795410 0.094727 0.407227
0 0.106934 0.810059 0.090820 0.377930
0 0.556152 0.279297 0.063477 0.558594
