1 0.416504 0.624512 0.770508 0.583008
0 0.008789 0.054688 0.017578 0.109375
0 0.418945 0.204102 0.007812 0.408203
0 0.620117 0.164062 0.023438 0.328125
0 0.659180 0.777832 0.025391 0.442383
0 0.186523 0.798828 0.023438 0.400391
0 0.130859 0.784180 0.033203 0.429688
0 0.026855 0.703125 0.053711 0.353516
0 0.088379 0.245605 0.063477 0.491211
0 0.219727 0.191895 0.023438 0.383789
0 0.229492 0.194824 0.023438 0.389648
0 0.198242 0.794922 0.023438 0.408203
0 0.051758 0.346191 0.103516 0.692383
0 0.031738 0.200195 0.063477 0.400391
0 0.019043 0.120117 0.038086 0.240234
0 0.633789 0.200195 0.031250 0.400391
0 0.422852 0.949707 0.001953 0.098633
0 0.022949 0.143555 0.045898 0.287109
0 0.026367 0.167969 0.052734 0.335938
0 0.082031 0.245117 0.062500 0.490234
0 0.043945 0.279297 0.087891 0.558594
0 0.023438 0.675781 0.046875 0.308594
0 0.175293 0.171387 0.024414 0.342773
0 0.424805 0.206055 0.007812 0.412109
0 0.429199 0.206055 0.008789 0.412109
0 0.429688 0.950195 0.001953 0.097656
0 0.435547 0.949707 0.001953 0.100586
0 0.623535 0.160645 0.024414 0.321289
0 0.635254 0.375488 0.004883 0.045898
1 0.956543 0.690918 0.084961 0.334961
0 0.671875 0.777344 0.027344 0.443359
0 0.663574 0.777344 0.026367 0.443359
0 0.040527 0.259277 0.081055 0.518555
