1 0.407227 0.565918 0.814453 0.786133
0 0.668457 0.746094 0.038086 0.505859
0 0.413574 0.145508 0.002930 0.291016
0 0.154297 0.762207 0.042969 0.473633
0 0.166504 0.763672 0.041992 0.470703
0 0.210938 0.124512 0.025391 0.249023
0 0.008301 0.036133 0.016602 0.072266
0 0.019043 0.084473 0.038086 0.168945
0 0.024414 0.111328 0.048828 0.220703
0 0.026855 0.124512 0.053711 0.249023
0 0.033203 0.151367 0.066406 0.302734
0 0.043457 0.198242 0.084961 0.396484
0 0.071777 0.190918 0.075195 0.381836
0 0.086914 0.183594 0.064453 0.365234
0 0.095703 0.180664 0.062500 0.361328
0 0.419922 0.145996 0.001953 0.291992
0 0.424316 0.145508 0.002930 0.291016
0 0.614258 0.085938 0.017578 0.171875
0 0.616699 0.085449 0.016602 0.170898
0 0.624512 0.087402 0.018555 0.174805
0 0.627930 0.245117 0.005859 0.052734
0 0.631348 0.242188 0.006836 0.068359
0 0.672363 0.744141 0.038086 0.505859
0 0.680664 0.743164 0.041016 0.513672
0 0.627930 0.086914 0.017578 0.173828
0 0.639648 0.243652 0.007812 0.069336
1 0.961426 0.602539 0.073242 0.093750
0 0.409180 0.973633 0.001953 0.050781
0 0.416992 0.975586 0.001953 0.050781
0 0.423828 0.971191 0.001953 0.055664
0 0.012207 0.488770 0.024414 0.118164
0 0.025391 0.578613 0.050781 0.256836
0 0.020508 0.552246 0.041016 0.213867
