1 0.584473 0.312500 0.827148 0.525391
0 0.334961 0.647949 0.013672 0.702148
0 0.595703 0.777344 0.021484 0.443359
0 0.846191 0.619629 0.061523 0.758789
0 0.906250 0.609863 0.072266 0.778320
0 0.330078 0.078613 0.001953 0.157227
0 0.563965 0.063965 0.006836 0.127930
0 0.337891 0.078125 0.001953 0.156250
0 0.342285 0.053711 0.002930 0.107422
0 0.343750 0.648926 0.013672 0.702148
0 0.348633 0.647461 0.013672 0.703125
0 0.858398 0.619629 0.060547 0.758789
0 0.799805 0.034668 0.009766 0.069336
0 0.811523 0.031250 0.005859 0.062500
0 0.569336 0.063965 0.007812 0.127930
0 0.576172 0.063965 0.007812 0.127930
0 0.601074 0.778809 0.022461 0.442383
0 0.609375 0.777344 0.023438 0.443359
0 0.334961 0.647461 0.013672 0.703125
