1 0.698730 0.693848 0.250977 0.610352
1 0.390625 0.139648 0.171875 0.279297
0 0.430176 0.798828 0.415039 0.400391
0 0.842285 0.411621 0.313477 0.288086
0 0.897461 0.800293 0.203125 0.221680
0 0.091797 0.071777 0.183594 0.143555
4 0.507324 0.835449 0.329102 0.327148
4 0.862793 0.488281 0.272461 0.263672
0 0.438477 0.804688 0.404297 0.392578
0 0.444824 0.807129 0.395508 0.385742
0 0.895508 0.786133 0.207031 0.224609
0 0.895020 0.779297 0.208008 0.226562
0 0.843750 0.421387 0.312500 0.288086
0 0.844727 0.429199 0.308594 0.288086
