1 0.461426 0.499512 0.155273 0.999023
0 0.198730 0.745605 0.397461 0.168945
0 0.205566 0.603027 0.411133 0.157227
0 0.207520 0.519043 0.415039 0.145508
0 0.203125 0.370605 0.406250 0.129883
0 0.199219 0.196777 0.398438 0.102539
0 0.197266 0.108398 0.394531 0.087891
0 0.729492 0.110840 0.539062 0.061523
0 0.730469 0.243164 0.537109 0.089844
0 0.732422 0.377441 0.533203 0.120117
0 0.733398 0.441895 0.531250 0.129883
0 0.742676 0.554688 0.512695 0.150391
0 0.202637 0.355957 0.405273 0.124023
0 0.730469 0.250488 0.537109 0.086914
