0 0.788574 0.614258 0.420898 0.224609
0 0.788574 0.604980 0.420898 0.225586
0 0.787598 0.594238 0.422852 0.225586
0 0.787109 0.466797 0.423828 0.228516
0 0.769043 0.240234 0.459961 0.246094
0 0.770020 0.245117 0.458008 0.246094
0 0.159668 0.082031 0.319336 0.164062
0 0.227051 0.513184 0.454102 0.241211
0 0.225098 0.528320 0.450195 0.238281
0 0.224609 0.532715 0.449219 0.237305
0 0.273926 0.855957 0.547852 0.270508
0 0.277344 0.863770 0.548828 0.270508
0 0.285645 0.869141 0.534180 0.261719
0 0.231445 0.750000 0.462891 0.230469
0 0.225098 0.199707 0.450195 0.252930
0 0.223633 0.184570 0.447266 0.251953
1 0.519531 0.465820 0.158203 0.931641
0 0.523438 0.020996 0.078125 0.041992
0 0.541016 0.028320 0.107422 0.056641
