1 0.547852 0.355469 0.375000 0.710938
3 0.095215 0.194336 0.133789 0.177734
0 0.283691 0.732910 0.307617 0.532227
0 0.290527 0.738281 0.303711 0.523438
0 0.293945 0.740234 0.300781 0.519531
0 0.517090 0.790039 0.239258 0.416016
0 0.527832 0.796875 0.235352 0.408203
0 0.523438 0.791016 0.238281 0.416016
0 0.822266 0.272461 0.298828 0.544922
0 0.816895 0.268555 0.295898 0.537109
0 0.811523 0.265625 0.291016 0.529297
4 0.774902 0.226562 0.250977 0.449219
0 0.473145 0.757812 0.278320 0.482422
0 0.626465 0.139160 0.159180 0.278320
0 0.632812 0.144043 0.164062 0.288086
0 0.634277 0.146973 0.165039 0.286133
0 0.203125 0.467285 0.406250 0.698242
0 0.079102 0.051758 0.083984 0.101562
0 0.082520 0.053223 0.086914 0.106445
0 0.105469 0.068359 0.109375 0.136719
0 0.103027 0.066895 0.106445 0.133789
0 0.124512 0.070801 0.108398 0.141602
0 0.130859 0.076172 0.119141 0.152344
0 0.148438 0.086426 0.132812 0.172852
0 0.173828 0.097656 0.150391 0.195312
0 0.200684 0.108887 0.168945 0.217773
0 0.192871 0.105469 0.165039 0.210938
0 0.183105 0.104492 0.149414 0.208984
0 0.015137 0.129883 0.030273 0.039062
0 0.014648 0.137207 0.029297 0.036133
0 0.022949 0.166016 0.045898 0.054688
0 0.027832 0.191406 0.055664 0.064453
0 0.031738 0.198242 0.063477 0.076172
0 0.033203 0.229004 0.066406 0.075195
0 0.187012 0.354492 0.374023 0.621094
0 0.199707 0.453125 0.399414 0.687500
0 0.051270 0.273438 0.102539 0.117188
0 0.051270 0.280273 0.102539 0.117188
0 0.055664 0.285645 0.111328 0.122070
