0 0.757324 0.313965 0.235352 0.627930
0 0.557129 0.845703 0.120117 0.306641
0 0.198242 0.655273 0.298828 0.687500
0 0.114258 0.190430 0.228516 0.380859
0 0.126953 0.214844 0.253906 0.429688
0 0.141602 0.219238 0.253906 0.436523
0 0.586426 0.211914 0.172852 0.423828
0 0.334473 0.826660 0.141602 0.344727
0 0.423340 0.119629 0.106445 0.239258
0 0.156250 0.596191 0.312500 0.686523
0 0.385742 0.090820 0.083984 0.181641
0 0.129395 0.216309 0.258789 0.432617
0 0.147949 0.222168 0.258789 0.444336
0 0.165039 0.230957 0.267578 0.461914
0 0.187500 0.239746 0.277344 0.479492
0 0.030762 0.554688 0.061523 0.089844
0 0.020020 0.524902 0.040039 0.059570
0 0.159668 0.325195 0.198242 0.343750
0 0.301758 0.071777 0.078125 0.143555
0 0.308594 0.073730 0.082031 0.147461
0 0.189941 0.650879 0.297852 0.686523
0 0.344727 0.832520 0.138672 0.336914
0 0.340332 0.829590 0.139648 0.338867
0 0.562500 0.846680 0.119141 0.306641
0 0.568359 0.847168 0.119141 0.305664
0 0.514160 0.817383 0.145508 0.367188
0 0.591797 0.215332 0.175781 0.430664
0 0.595703 0.215332 0.175781 0.430664
0 0.761719 0.316406 0.236328 0.632812
0 0.765137 0.320801 0.237305 0.637695
0 0.721680 0.281738 0.212891 0.563477
1 0.491699 0.465332 0.469727 0.649414
0 0.430664 0.122559 0.109375 0.245117
3 0.059082 0.493652 0.118164 0.116211
0 0.027832 0.547363 0.055664 0.084961
0 0.026367 0.541992 0.052734 0.082031
0 0.115723 0.192871 0.231445 0.385742
0 0.164551 0.330078 0.198242 0.343750
