1 0.624023 0.576660 0.232422 0.725586
0 0.719727 0.245605 0.015625 0.041992
0 0.662598 0.109375 0.092773 0.218750
0 0.620117 0.124512 0.099609 0.249023
0 0.585449 0.136230 0.104492 0.272461
0 0.538574 0.154785 0.110352 0.309570
0 0.538086 0.170410 0.119141 0.340820
0 0.492188 0.225586 0.148438 0.451172
0 0.571289 0.467285 0.005859 0.018555
0 0.549805 0.592773 0.011719 0.039062
0 0.456543 0.282715 0.172852 0.565430
0 0.453613 0.318359 0.190430 0.636719
0 0.114746 0.479004 0.149414 0.958008
0 0.108887 0.480469 0.145508 0.960938
0 0.689453 0.872070 0.074219 0.253906
0 0.637695 0.914062 0.046875 0.169922
0 0.624512 0.918945 0.043945 0.160156
0 0.749512 0.770508 0.145508 0.457031
0 0.732910 0.770996 0.145508 0.456055
0 0.796387 0.724609 0.184570 0.548828
0 0.830566 0.696289 0.211914 0.605469
0 0.865234 0.640625 0.265625 0.716797
0 0.716797 0.368652 0.007812 0.020508
0 0.706543 0.341797 0.008789 0.023438
0 0.699707 0.437012 0.006836 0.018555
0 0.672852 0.532227 0.003906 0.011719
