1 0.631348 0.317871 0.268555 0.471680
0 0.557129 0.485352 0.022461 0.048828
0 0.557129 0.470215 0.012695 0.028320
0 0.423828 0.186035 0.166016 0.372070
0 0.429199 0.183105 0.163086 0.366211
0 0.459473 0.167480 0.151367 0.334961
0 0.612305 0.090820 0.085938 0.181641
0 0.665527 0.064941 0.063477 0.129883
0 0.693359 0.056641 0.056641 0.113281
0 0.872070 0.430176 0.253906 0.534180
0 0.866211 0.485840 0.265625 0.559570
0 0.849609 0.591797 0.298828 0.630859
0 0.725586 0.746094 0.236328 0.505859
0 0.695312 0.766602 0.216797 0.464844
0 0.689941 0.770020 0.213867 0.458008
