1 0.346680 0.249512 0.080078 0.499023
1 0.451660 0.564453 0.137695 0.869141
0 0.737793 0.581055 0.522461 0.281250
0 0.729492 0.488770 0.539062 0.268555
0 0.727539 0.390137 0.542969 0.254883
0 0.725586 0.336426 0.546875 0.241211
0 0.204102 0.586426 0.408203 0.213867
0 0.392578 0.412109 0.023438 0.013672
0 0.200684 0.768555 0.401367 0.226562
0 0.196289 0.883789 0.392578 0.230469
0 0.205566 0.648438 0.411133 0.222656
0 0.159668 0.530273 0.319336 0.162109
0 0.156738 0.400879 0.313477 0.151367
0 0.723145 0.271973 0.551758 0.233398
