1 0.570801 0.512207 0.415039 0.670898
0 0.376953 0.737793 0.021484 0.522461
0 0.395996 0.726074 0.022461 0.545898
0 0.405273 0.487305 0.003906 0.056641
0 0.416504 0.764160 0.018555 0.469727
0 0.748047 0.710938 0.027344 0.576172
0 0.745117 0.699219 0.029297 0.599609
0 0.714355 0.120605 0.018555 0.241211
0 0.665527 0.105469 0.014648 0.210938
0 0.389160 0.130859 0.012695 0.261719
0 0.396973 0.306641 0.002930 0.046875
0 0.374512 0.185059 0.018555 0.370117
0 0.384277 0.408691 0.002930 0.032227
0 0.400391 0.380859 0.003906 0.050781
0 0.356445 0.229492 0.021484 0.458984
0 0.700195 0.743652 0.023438 0.510742
