0 0.317383 0.508301 0.634766 0.026367
1 0.665039 0.446777 0.144531 0.797852
0 0.305176 0.738770 0.610352 0.032227
0 0.306152 0.723633 0.612305 0.029297
0 0.320801 0.474609 0.641602 0.021484
0 0.321777 0.461426 0.643555 0.018555
0 0.858398 0.284180 0.281250 0.054688
0 0.858398 0.280762 0.281250 0.053711
0 0.858398 0.270020 0.281250 0.053711
0 0.857422 0.112305 0.283203 0.029297
0 0.864258 0.515625 0.269531 0.050781
0 0.863770 0.501465 0.270508 0.049805
0 0.867188 0.540527 0.263672 0.032227
0 0.864746 0.769531 0.268555 0.048828
0 0.857910 0.783691 0.254883 0.047852
0 0.340820 0.248047 0.681641 0.009766
0 0.341797 0.233398 0.683594 0.009766
0 0.340820 0.244141 0.681641 0.009766
0 0.704102 0.098633 0.003906 0.001953
4 0.378418 0.094238 0.618164 0.008789
