0 0.748535 0.220215 0.135742 0.440430
0 0.715820 0.234375 0.140625 0.468750
0 0.708008 0.237793 0.142578 0.475586
0 0.552734 0.297363 0.148438 0.594727
0 0.544434 0.300781 0.147461 0.601562
0 0.434082 0.332031 0.139648 0.664062
0 0.391113 0.361328 0.143555 0.722656
0 0.386719 0.363281 0.142578 0.726562
0 0.382324 0.365234 0.143555 0.730469
0 0.177734 0.393066 0.107422 0.786133
0 0.546875 0.299805 0.148438 0.599609
0 0.157227 0.394043 0.095703 0.786133
0 0.147461 0.406250 0.089844 0.812500
4 0.130859 0.300293 0.058594 0.280273
4 0.173828 0.504395 0.023438 0.116211
4 0.209961 0.683105 0.042969 0.211914
0 0.214355 0.908691 0.028320 0.180664
0 0.229004 0.897949 0.032227 0.202148
0 0.253906 0.895508 0.033203 0.207031
0 0.252930 0.916016 0.025391 0.166016
3 0.235840 0.815918 0.069336 0.094727
0 0.486816 0.903320 0.038086 0.191406
0 0.492188 0.902832 0.039062 0.192383
0 0.496582 0.898926 0.040039 0.200195
0 0.546875 0.874023 0.052734 0.250000
0 0.709473 0.948242 0.024414 0.101562
0 0.701660 0.948242 0.024414 0.101562
0 0.696777 0.938965 0.028320 0.120117
1 0.628906 0.625000 0.546875 0.550781
0 0.862305 0.780762 0.117188 0.436523
0 0.871094 0.776855 0.119141 0.444336
0 0.910645 0.762207 0.139648 0.473633
