4 0.493164 0.231445 0.652344 0.462891
1 0.766113 0.635254 0.237305 0.727539
0 0.331055 0.633789 0.662109 0.621094
0 0.333008 0.621094 0.666016 0.619141
4 0.359375 0.437012 0.718750 0.612305
0 0.370605 0.381836 0.741211 0.605469
0 0.372559 0.369629 0.745117 0.604492
0 0.924805 0.552246 0.148438 0.135742
0 0.926270 0.537598 0.145508 0.129883
0 0.907715 0.820801 0.182617 0.178711
0 0.906250 0.836914 0.185547 0.179688
0 0.903320 0.909668 0.191406 0.178711
0 0.937012 0.385742 0.124023 0.093750
4 0.608887 0.164551 0.502930 0.329102
0 0.503418 0.225098 0.639648 0.450195
0 0.903320 0.054688 0.191406 0.109375
