0 0.119141 0.125977 0.238281 0.251953
0 0.128418 0.137695 0.256836 0.275391
0 0.150391 0.160645 0.300781 0.321289
0 0.291016 0.039551 0.078125 0.079102
0 0.122070 0.206543 0.244141 0.243164
0 0.137207 0.363770 0.274414 0.282227
0 0.143555 0.445312 0.287109 0.318359
0 0.145020 0.460938 0.290039 0.324219
0 0.172363 0.789551 0.344727 0.385742
0 0.169434 0.808105 0.338867 0.377930
0 0.170410 0.811035 0.338867 0.375977
0 0.333496 0.897949 0.184570 0.202148
0 0.405273 0.942383 0.101562 0.113281
0 0.412598 0.946777 0.094727 0.104492
0 0.418457 0.950684 0.086914 0.096680
0 0.403809 0.102539 0.221680 0.205078
0 0.452637 0.129883 0.280273 0.259766
0 0.464355 0.136230 0.293945 0.272461
0 0.689941 0.252930 0.512695 0.505859
0 0.705566 0.250488 0.506836 0.500977
0 0.709473 0.253418 0.510742 0.506836
0 0.756348 0.456055 0.485352 0.501953
0 0.738281 0.590820 0.521484 0.546875
0 0.739258 0.600586 0.519531 0.546875
0 0.740234 0.609863 0.517578 0.543945
1 0.377441 0.533203 0.270508 0.931641
0 0.478027 0.742676 0.043945 0.045898
