0 0.014648 0.015137 0.029297 0.030273
0 0.020996 0.021973 0.041992 0.043945
0 0.122559 0.126465 0.245117 0.252930
0 0.116211 0.120605 0.232422 0.241211
1 0.357910 0.657227 0.196289 0.369141
0 0.383789 0.825684 0.013672 0.012695
0 0.421875 0.790527 0.052734 0.051758
0 0.251465 0.901367 0.202148 0.195312
0 0.289062 0.917480 0.167969 0.163086
0 0.297363 0.918945 0.165039 0.160156
0 0.692383 0.539551 0.613281 0.590820
0 0.727539 0.496582 0.542969 0.522461
0 0.718750 0.455078 0.560547 0.535156
4 0.707031 0.354004 0.583984 0.532227
0 0.643066 0.279297 0.620117 0.558594
0 0.591797 0.254395 0.572266 0.508789
0 0.566895 0.249023 0.563477 0.498047
0 0.132812 0.749023 0.265625 0.253906
0 0.130859 0.674316 0.261719 0.250977
0 0.129883 0.645020 0.259766 0.249023
4 0.158203 0.861816 0.283203 0.274414
