1 0.648438 0.467285 0.443359 0.719727
0 0.453613 0.187012 0.073242 0.374023
0 0.456543 0.184570 0.073242 0.369141
0 0.459473 0.182617 0.073242 0.365234
4 0.486816 0.165039 0.071289 0.330078
0 0.566406 0.744629 0.093750 0.508789
0 0.557617 0.747559 0.089844 0.502930
0 0.562988 0.750000 0.090820 0.498047
0 0.599121 0.716309 0.112305 0.565430
0 0.784180 0.866211 0.070312 0.265625
0 0.742188 0.708984 0.001953 0.005859
0 0.772461 0.849609 0.078125 0.298828
0 0.768066 0.847656 0.079102 0.302734
0 0.172852 0.777344 0.005859 0.443359
0 0.131348 0.789062 0.004883 0.419922
1 0.119141 0.349121 0.238281 0.624023
0 0.581055 0.133789 0.082031 0.267578
0 0.577148 0.135742 0.082031 0.271484
0 0.574707 0.136230 0.081055 0.272461
0 0.768555 0.140625 0.017578 0.046875
0 0.733887 0.054199 0.045898 0.108398
0 0.705078 0.073730 0.062500 0.147461
0 0.699219 0.079102 0.066406 0.158203
0 0.895996 0.603027 0.206055 0.604492
0 0.895508 0.573730 0.193359 0.553711
0 0.906738 0.521484 0.184570 0.507812
0 0.048828 0.678223 0.031250 0.641602
0 0.032227 0.705566 0.031250 0.586914
0 0.050293 0.384277 0.006836 0.047852
0 0.167969 0.356934 0.001953 0.067383
4 0.170898 0.158203 0.007812 0.316406
4 0.135254 0.243652 0.002930 0.059570
4 0.073730 0.130859 0.002930 0.046875
4 0.079590 0.111328 0.008789 0.085938
4 0.080078 0.049316 0.009766 0.098633
4 0.141113 0.102539 0.010742 0.205078
0 0.934570 0.295410 0.128906 0.282227
0 0.898926 0.199219 0.200195 0.398438
0 0.910156 0.169922 0.177734 0.339844
0 0.848145 0.031250 0.032227 0.062500
4 0.933594 0.193359 0.130859 0.250000
0 0.841797 0.091797 0.050781 0.107422
3 0.864746 0.068848 0.006836 0.137695
