2 0.686523 0.615723 0.091797 0.766602
0 0.840820 0.835449 0.316406 0.034180
0 0.841797 0.716797 0.314453 0.019531
0 0.843750 0.584473 0.310547 0.008789
0 0.704590 0.496094 0.032227 0.007812
0 0.861328 0.494141 0.275391 0.003906
0 0.862305 0.458008 0.273438 0.003906
0 0.359375 0.926758 0.619141 0.144531
0 0.335449 0.825195 0.670898 0.126953
0 0.659180 0.727539 0.021484 0.001953
0 0.654297 0.696289 0.007812 0.001953
0 0.323242 0.760254 0.646484 0.125977
0 0.667969 0.693359 0.009766 0.003906
0 0.323242 0.795410 0.646484 0.135742
0 0.320801 0.645020 0.641602 0.112305
0 0.659180 0.588867 0.031250 0.001953
0 0.338867 0.551758 0.677734 0.103516
0 0.666504 0.455566 0.024414 0.002930
0 0.325684 0.500488 0.651367 0.092773
0 0.705078 0.456055 0.031250 0.001953
0 0.863770 0.674805 0.270508 0.013672
0 0.688477 0.759277 0.007812 0.002930
0 0.705078 0.685059 0.039062 0.010742
0 0.803223 0.735840 0.208008 0.041992
0 0.960449 0.704102 0.077148 0.017578
