2 0.649414 0.472168 0.087891 0.944336
0 0.309570 0.772949 0.619141 0.208008
0 0.815918 0.602051 0.366211 0.127930
0 0.650879 0.550781 0.026367 0.009766
0 0.662598 0.417480 0.036133 0.012695
0 0.662598 0.404785 0.036133 0.004883
0 0.842285 0.377441 0.313477 0.049805
0 0.841309 0.388184 0.315430 0.047852
0 0.832520 0.514160 0.333008 0.065430
0 0.825195 0.260742 0.347656 0.041016
0 0.842285 0.222656 0.313477 0.031250
0 0.836426 0.143066 0.325195 0.026367
0 0.312500 0.657227 0.625000 0.197266
0 0.632812 0.408691 0.001953 0.000977
0 0.619629 0.409668 0.014648 0.002930
0 0.633789 0.250488 0.015625 0.004883
0 0.639160 0.281250 0.002930 0.001953
0 0.620605 0.282715 0.020508 0.002930
0 0.616211 0.255859 0.009766 0.003906
0 0.667969 0.241699 0.029297 0.010742
0 0.634766 0.158203 0.023438 0.001953
0 0.309570 0.228027 0.619141 0.139648
0 0.303711 0.331055 0.607422 0.148438
0 0.303711 0.361328 0.607422 0.156250
0 0.315918 0.516602 0.631836 0.179688
0 0.304688 0.498535 0.609375 0.174805
0 0.979980 0.989746 0.038086 0.018555
0 0.965332 0.982422 0.067383 0.033203
