2 0.742676 0.552734 0.094727 0.892578
0 0.719727 0.583008 0.009766 0.003906
0 0.745117 0.738281 0.029297 0.007812
0 0.742188 0.655762 0.015625 0.004883
0 0.710938 0.616699 0.019531 0.004883
0 0.706055 0.585449 0.007812 0.002930
0 0.713379 0.476074 0.030273 0.002930
0 0.724121 0.339844 0.024414 0.001953
0 0.764648 0.341797 0.033203 0.003906
0 0.762207 0.384277 0.032227 0.006836
0 0.758301 0.576660 0.040039 0.008789
0 0.881348 0.733398 0.235352 0.005859
0 0.877441 0.637207 0.243164 0.036133
0 0.867676 0.615723 0.262695 0.002930
0 0.871582 0.479492 0.254883 0.005859
0 0.891602 0.385742 0.214844 0.009766
0 0.892578 0.346680 0.212891 0.009766
0 0.358398 0.799316 0.716797 0.112305
0 0.360840 0.704590 0.721680 0.092773
0 0.347656 0.666016 0.695312 0.101562
0 0.348633 0.634277 0.697266 0.096680
0 0.347168 0.520020 0.694336 0.088867
0 0.367188 0.430176 0.734375 0.086914
0 0.353516 0.377930 0.707031 0.078125
0 0.890625 0.574219 0.216797 0.003906
