2 0.586426 0.581055 0.184570 0.650391
0 0.851074 0.499512 0.053711 0.999023
0 0.855469 0.499512 0.054688 0.999023
0 0.659668 0.786621 0.024414 0.424805
0 0.645020 0.820801 0.022461 0.356445
0 0.640137 0.830078 0.022461 0.337891
0 0.480957 0.804688 0.053711 0.388672
0 0.469727 0.745117 0.074219 0.507812
0 0.463379 0.765137 0.069336 0.467773
0 0.510742 0.587891 0.003906 0.025391
0 0.518555 0.535156 0.011719 0.072266
0 0.501953 0.504883 0.005859 0.031250
0 0.553223 0.190918 0.063477 0.381836
0 0.519043 0.405762 0.006836 0.038086
0 0.531738 0.443848 0.014648 0.096680
0 0.549316 0.327637 0.018555 0.122070
0 0.677734 0.208008 0.025391 0.416016
0 0.667969 0.430664 0.001953 0.017578
0 0.661621 0.473633 0.006836 0.103516
0 0.664551 0.496582 0.004883 0.057617
0 0.672852 0.543945 0.001953 0.019531
0 0.659668 0.579590 0.006836 0.094727
0 0.652832 0.632812 0.000977 0.013672
0 0.656250 0.577148 0.005859 0.089844
0 0.686523 0.263672 0.027344 0.527344
0 0.681152 0.208496 0.024414 0.416992
4 0.611328 0.810547 0.029297 0.376953
4 0.629395 0.573730 0.006836 0.083008
4 0.637207 0.472168 0.008789 0.100586
4 0.657227 0.207031 0.031250 0.414062
4 0.539062 0.324219 0.017578 0.121094
4 0.568848 0.128906 0.041992 0.257812
4 0.522949 0.439453 0.014648 0.097656
4 0.510254 0.533691 0.010742 0.077148
4 0.475098 0.787598 0.057617 0.422852
0 0.509766 0.458984 0.009766 0.050781
0 0.964844 0.246094 0.068359 0.492188
0 0.955566 0.396973 0.086914 0.793945
0 0.954102 0.420898 0.089844 0.841797
