2 0.552246 0.620605 0.049805 0.604492
0 0.499512 0.089844 0.999023 0.074219
0 0.499512 0.078613 0.999023 0.073242
0 0.271973 0.411133 0.543945 0.058594
0 0.270020 0.451660 0.540039 0.055664
0 0.271973 0.541992 0.543945 0.054688
0 0.264160 0.852539 0.528320 0.044922
0 0.273926 0.938477 0.547852 0.044922
0 0.782715 0.900391 0.432617 0.035156
0 0.784180 0.813965 0.429688 0.032227
0 0.784180 0.504395 0.429688 0.022461
0 0.781738 0.414062 0.434570 0.021484
0 0.555176 0.382812 0.006836 0.001953
0 0.780762 0.374023 0.436523 0.021484
0 0.556152 0.424316 0.004883 0.002930
0 0.556641 0.916992 0.007812 0.003906
0 0.555176 0.829590 0.006836 0.002930
4 0.786133 0.635742 0.425781 0.025391
4 0.271484 0.674805 0.542969 0.052734
4 0.278320 0.359375 0.556641 0.066406
4 0.779785 0.321289 0.438477 0.013672
