2 0.601562 0.645996 0.214844 0.504883
0 0.512207 0.659180 0.002930 0.015625
0 0.517090 0.621094 0.006836 0.050781
0 0.533203 0.629395 0.005859 0.049805
0 0.501465 0.598633 0.002930 0.021484
0 0.673340 0.679199 0.004883 0.067383
0 0.675781 0.680176 0.003906 0.067383
0 0.700195 0.658203 0.001953 0.017578
0 0.697266 0.619141 0.003906 0.042969
0 0.701660 0.614258 0.002930 0.054688
0 0.672852 0.727539 0.001953 0.015625
0 0.552246 0.458984 0.012695 0.097656
0 0.583008 0.197266 0.048828 0.392578
0 0.541504 0.555176 0.008789 0.077148
0 0.511230 0.829590 0.038086 0.338867
0 0.490723 0.839355 0.038086 0.319336
0 0.487793 0.795898 0.049805 0.406250
0 0.475098 0.810059 0.047852 0.377930
0 0.515137 0.565430 0.004883 0.037109
0 0.521484 0.518555 0.003906 0.027344
0 0.526367 0.547852 0.011719 0.078125
0 0.508301 0.544434 0.010742 0.071289
0 0.547852 0.250977 0.068359 0.501953
0 0.556641 0.249023 0.066406 0.498047
0 0.563965 0.250977 0.063477 0.501953
0 0.685547 0.495117 0.007812 0.107422
0 0.680664 0.596680 0.005859 0.080078
0 0.678711 0.595703 0.005859 0.080078
0 0.699707 0.571289 0.002930 0.025391
0 0.685547 0.824219 0.021484 0.349609
0 0.689941 0.839844 0.018555 0.318359
0 0.664062 0.873047 0.017578 0.251953
0 0.661621 0.858398 0.018555 0.281250
0 0.717773 0.276367 0.027344 0.552734
0 0.714355 0.275879 0.028320 0.551758
0 0.701660 0.217773 0.026367 0.435547
0 0.895996 0.499512 0.024414 0.999023
0 0.900879 0.499512 0.026367 0.999023
