2 0.497070 0.479492 0.060547 0.615234
0 0.234863 0.596191 0.469727 0.170898
0 0.491699 0.688477 0.008789 0.005859
0 0.755371 0.790039 0.487305 0.189453
0 0.761719 0.496094 0.474609 0.181641
0 0.759277 0.399414 0.479492 0.181641
0 0.760254 0.355957 0.477539 0.180664
0 0.737793 0.884277 0.522461 0.202148
0 0.737793 0.877930 0.522461 0.205078
0 0.235840 0.693848 0.471680 0.178711
0 0.234863 0.687988 0.469727 0.176758
0 0.240234 0.316406 0.480469 0.154297
0 0.245605 0.226562 0.491211 0.152344
0 0.504395 0.261230 0.008789 0.004883
0 0.500488 0.304199 0.008789 0.004883
0 0.247559 0.184082 0.495117 0.151367
4 0.755371 0.597656 0.487305 0.189453
4 0.752930 0.276855 0.492188 0.192383
4 0.251953 0.111328 0.503906 0.140625
4 0.479980 0.490234 0.010742 0.005859
4 0.235352 0.410156 0.470703 0.156250
