0 0.144043 0.499512 0.102539 0.999023
0 0.137695 0.499512 0.103516 0.999023
0 0.021973 0.162598 0.043945 0.325195
0 0.024902 0.187500 0.049805 0.375000
2 0.531738 0.597656 0.284180 0.402344
0 0.385254 0.793457 0.024414 0.411133
0 0.398926 0.783691 0.026367 0.430664
0 0.409668 0.814941 0.020508 0.368164
0 0.421875 0.588379 0.003906 0.036133
0 0.420410 0.614746 0.000977 0.004883
0 0.632812 0.619629 0.001953 0.055664
0 0.633789 0.552734 0.001953 0.056641
0 0.653320 0.533203 0.001953 0.017578
0 0.652832 0.567871 0.000977 0.028320
0 0.660645 0.561523 0.000977 0.041016
0 0.631836 0.658203 0.001953 0.009766
0 0.398438 0.570312 0.001953 0.009766
0 0.412598 0.542480 0.002930 0.030273
0 0.415039 0.503906 0.001953 0.013672
0 0.425293 0.529785 0.004883 0.059570
0 0.660645 0.597656 0.000977 0.011719
0 0.647461 0.795410 0.009766 0.407227
0 0.656250 0.806641 0.009766 0.384766
0 0.638184 0.256836 0.008789 0.513672
0 0.656738 0.257812 0.006836 0.515625
0 0.664062 0.258789 0.005859 0.517578
0 0.627441 0.835938 0.008789 0.326172
0 0.417480 0.278320 0.038086 0.556641
0 0.431152 0.244629 0.032227 0.489258
0 0.442383 0.245605 0.031250 0.491211
4 0.464355 0.247559 0.028320 0.495117
4 0.449219 0.534180 0.003906 0.058594
4 0.446289 0.593750 0.001953 0.035156
4 0.435059 0.809082 0.020508 0.379883
4 0.632324 0.469727 0.002930 0.087891
4 0.636719 0.209961 0.007812 0.419922
4 0.629883 0.552246 0.001953 0.057617
4 0.627930 0.619141 0.001953 0.054688
4 0.623047 0.826172 0.009766 0.345703
