1 0.505371 0.491211 0.028320 0.619141
0 0.753906 0.795898 0.490234 0.017578
0 0.751953 0.803711 0.494141 0.017578
0 0.249512 0.791504 0.499023 0.010742
0 0.250000 0.784668 0.500000 0.010742
0 0.250977 0.691895 0.501953 0.006836
0 0.758301 0.703125 0.481445 0.019531
0 0.755859 0.419922 0.486328 0.023438
0 0.247559 0.413574 0.495117 0.010742
0 0.248535 0.321289 0.497070 0.013672
0 0.752441 0.326660 0.493164 0.024414
0 0.751953 0.282715 0.494141 0.026367
0 0.249023 0.277344 0.498047 0.015625
4 0.248535 0.504395 0.497070 0.008789
4 0.755371 0.513184 0.487305 0.026367
4 0.750488 0.206543 0.497070 0.034180
4 0.249023 0.201172 0.498047 0.023438
