2 0.608887 0.319336 0.114258 0.638672
0 0.619629 0.255371 0.014648 0.022461
0 0.623047 0.243164 0.021484 0.027344
0 0.641602 0.265625 0.009766 0.013672
0 0.652832 0.162598 0.010742 0.012695
0 0.631348 0.139160 0.024414 0.028320
0 0.606934 0.112305 0.008789 0.009766
0 0.651855 0.064941 0.014648 0.014648
0 0.633301 0.045410 0.016602 0.016602
0 0.628906 0.059570 0.009766 0.011719
0 0.817871 0.281738 0.362305 0.424805
0 0.816895 0.286621 0.364258 0.428711
0 0.816406 0.289551 0.365234 0.430664
0 0.829590 0.282715 0.338867 0.416992
0 0.829590 0.394531 0.338867 0.445312
0 0.824219 0.521973 0.349609 0.495117
0 0.813965 0.532227 0.370117 0.525391
0 0.801270 0.685547 0.395508 0.613281
0 0.766113 0.727539 0.334961 0.542969
0 0.600586 0.228516 0.005859 0.009766
0 0.562500 0.315430 0.015625 0.023438
0 0.583496 0.348633 0.022461 0.035156
0 0.572266 0.413574 0.035156 0.057617
0 0.581543 0.200684 0.024414 0.034180
0 0.584473 0.195312 0.028320 0.035156
0 0.494141 0.090332 0.144531 0.180664
0 0.497559 0.087402 0.139648 0.174805
0 0.552734 0.051758 0.091797 0.103516
0 0.594238 0.026367 0.043945 0.052734
0 0.595703 0.025391 0.041016 0.050781
0 0.597656 0.022461 0.037109 0.044922
0 0.602051 0.015137 0.030273 0.030273
0 0.445801 0.150391 0.213867 0.300781
0 0.425293 0.190918 0.254883 0.381836
0 0.887695 0.112305 0.222656 0.224609
0 0.890137 0.109863 0.217773 0.219727
0 0.891602 0.107422 0.214844 0.214844
0 0.626465 0.065918 0.006836 0.008789
0 0.627441 0.063477 0.006836 0.009766
4 0.847656 0.156738 0.302734 0.313477
0 0.835938 0.178711 0.326172 0.357422
0 0.837402 0.176270 0.323242 0.352539
0 0.839355 0.173340 0.319336 0.346680
