0 0.496094 0.138672 0.017578 0.277344
2 0.593750 0.338867 0.230469 0.605469
0 0.499512 0.371094 0.000977 0.019531
0 0.483398 0.697754 0.029297 0.602539
0 0.480469 0.691406 0.031250 0.615234
0 0.498535 0.321289 0.004883 0.068359
0 0.501953 0.322266 0.003906 0.066406
0 0.486328 0.297852 0.001953 0.025391
0 0.466797 0.662598 0.035156 0.672852
0 0.505859 0.193848 0.001953 0.030273
0 0.507324 0.229492 0.006836 0.101562
0 0.502441 0.255371 0.002930 0.047852
0 0.511230 0.085938 0.010742 0.171875
0 0.515137 0.085938 0.010742 0.171875
0 0.675293 0.024902 0.000977 0.049805
0 0.674805 0.121582 0.001953 0.131836
0 0.699707 0.201660 0.000977 0.016602
0 0.696777 0.208984 0.000977 0.031250
0 0.699707 0.264648 0.000977 0.058594
0 0.696777 0.267090 0.000977 0.053711
0 0.699707 0.314453 0.000977 0.025391
0 0.674316 0.245117 0.000977 0.097656
0 0.674316 0.345703 0.000977 0.082031
0 0.674316 0.401855 0.000977 0.018555
0 0.670410 0.711914 0.008789 0.574219
0 0.694336 0.650879 0.005859 0.696289
0 0.697754 0.669922 0.004883 0.658203
0 0.922363 0.499512 0.055664 0.999023
0 0.916504 0.499512 0.055664 0.999023
0 0.699219 0.093750 0.001953 0.187500
0 0.696777 0.093750 0.000977 0.187500
4 0.679688 0.244629 0.001953 0.098633
4 0.678711 0.346191 0.001953 0.083008
4 0.674805 0.707031 0.007812 0.583984
4 0.681641 0.126465 0.001953 0.120117
4 0.682129 0.024902 0.000977 0.049805
4 0.530762 0.329102 0.002930 0.066406
4 0.517090 0.685059 0.026367 0.627930
4 0.534668 0.235840 0.004883 0.098633
4 0.541504 0.088867 0.008789 0.177734
