0 0.984863 0.019043 0.028320 0.038086
0 0.883301 0.178711 0.231445 0.357422
0 0.886719 0.172852 0.224609 0.345703
0 0.947754 0.073242 0.102539 0.146484
0 0.945801 0.076172 0.106445 0.152344
0 0.943848 0.079590 0.110352 0.157227
0 0.923340 0.108887 0.151367 0.217773
0 0.921387 0.111328 0.155273 0.222656
0 0.914062 0.123047 0.169922 0.246094
0 0.911133 0.127930 0.175781 0.255859
2 0.638184 0.365723 0.159180 0.688477
0 0.680176 0.143066 0.026367 0.043945
0 0.701172 0.177734 0.009766 0.017578
0 0.853516 0.459961 0.291016 0.541016
0 0.851074 0.569336 0.295898 0.572266
0 0.834473 0.691895 0.299805 0.614258
0 0.843750 0.320312 0.310547 0.523438
0 0.845703 0.311523 0.306641 0.513672
0 0.757324 0.720703 0.254883 0.556641
0 0.704590 0.787598 0.180664 0.422852
0 0.685547 0.814453 0.154297 0.369141
0 0.579102 0.562500 0.037109 0.089844
0 0.587402 0.515137 0.034180 0.079102
0 0.565430 0.462402 0.007812 0.018555
0 0.609863 0.399902 0.020508 0.043945
0 0.457520 0.223633 0.202148 0.447266
0 0.446777 0.256348 0.223633 0.512695
0 0.588867 0.354004 0.015625 0.034180
0 0.497559 0.165527 0.163086 0.331055
0 0.646484 0.313965 0.003906 0.006836
0 0.626465 0.276855 0.018555 0.036133
0 0.698242 0.272949 0.007812 0.014648
0 0.677734 0.237793 0.027344 0.045898
0 0.658691 0.205078 0.002930 0.005859
0 0.654785 0.103027 0.006836 0.010742
0 0.594727 0.094238 0.107422 0.188477
0 0.546875 0.126465 0.134766 0.252930
0 0.620605 0.046387 0.057617 0.092773
0 0.669922 0.027344 0.033203 0.054688
0 0.674316 0.025391 0.030273 0.050781
4 0.854004 0.288574 0.290039 0.514648
4 0.583496 0.060547 0.071289 0.121094
4 0.636230 0.154297 0.026367 0.052734
4 0.696777 0.014648 0.020508 0.029297
0 0.679199 0.374512 0.006836 0.012695
0 0.663086 0.344238 0.021484 0.040039
